4.499513125000000000e+05,6.523166656494140625e+01,4.498854062500000000e+05,6.871481537818908691e-01
4.478438750000000000e+05,5.749804019927978516e+00,4.478381250000000000e+05,3.266897983849048615e-04
4.461855937500000000e+05,2.511186838150024414e+00,4.461830625000000000e+05,3.984953835606575012e-02
4.445620000000000000e+05,4.069935321807861328e+00,4.445575625000000000e+05,3.854986727237701416e-01
4.429108750000000000e+05,7.354497909545898438e+00,4.429010000000000000e+05,2.546343803405761719e+00
4.411823437500000000e+05,1.013723182678222656e+01,4.411596250000000000e+05,1.258979892730712891e+01
4.393526875000000000e+05,8.982283592224121094e+00,4.392950625000000000e+05,4.864496994018554688e+01
4.374275312500000000e+05,1.615761566162109375e+01,4.372552500000000000e+05,1.561275024414062500e+02
4.354354062500000000e+05,8.943766021728515625e+01,4.349132500000000000e+05,4.327037963867187500e+02
4.333731562500000000e+05,2.946997680664062500e+02,4.320178750000000000e+05,1.060591674804687500e+03
4.312816250000000000e+05,7.327171630859375000e+02,4.281766562500000000e+05,2.372259765625000000e+03
4.292859375000000000e+05,1.474237426757812500e+03,4.230523750000000000e+05,4.759302246093750000e+03
4.275178750000000000e+05,2.417063720703125000e+03,4.167785312500000000e+05,8.322271484375000000e+03
4.258553125000000000e+05,3.301562744140625000e+03,4.103073437500000000e+05,1.224640917968750000e+04
4.238876250000000000e+05,4.194038085937500000e+03,4.045209062500000000e+05,1.517267871093750000e+04
4.206545000000000000e+05,4.252512207031250000e+03,3.998074062500000000e+05,1.659458593750000000e+04
4.168340312500000000e+05,3.577131103515625000e+03,3.965167812500000000e+05,1.674012500000000000e+04
4.133962812500000000e+05,2.700314941406250000e+03,3.944680000000000000e+05,1.622795507812500000e+04
4.104866875000000000e+05,1.901843627929687500e+03,3.927594375000000000e+05,1.582539257812500000e+04
4.077133125000000000e+05,1.276696533203125000e+03,3.901957500000000000e+05,1.624087011718750000e+04
4.046764375000000000e+05,8.558641967773437500e+02,3.858469687500000000e+05,1.797358593750000000e+04
4.013020000000000000e+05,6.478420410156250000e+02,3.792442812500000000e+05,2.140987109375000000e+04
3.978626875000000000e+05,6.018130493164062500e+02,3.703328750000000000e+05,2.692798437500000000e+04
3.948418125000000000e+05,5.927185058593750000e+02,3.596514062500000000e+05,3.459768359375000000e+04
3.925465625000000000e+05,5.595234985351562500e+02,3.488410000000000000e+05,4.314601953125000000e+04
3.904096250000000000e+05,5.732249755859375000e+02,3.406859375000000000e+05,4.915045703125000000e+04
3.876918125000000000e+05,6.789830932617187500e+02,3.369944062500000000e+05,5.001844531250000000e+04
3.849110312500000000e+05,8.276176147460937500e+02,3.369820000000000000e+05,4.710141015625000000e+04
3.827391562500000000e+05,9.006315307617187500e+02,3.383088437500000000e+05,4.352969531250000000e+04
3.809584375000000000e+05,8.955717773437500000e+02,3.383220937500000000e+05,4.174076953125000000e+04
3.790069062500000000e+05,9.273596191406250000e+02,3.352878125000000000e+05,4.279172265625000000e+04
3.768005625000000000e+05,1.099298339843750000e+03,3.290109375000000000e+05,4.669030859375000000e+04
3.747807187500000000e+05,1.451902587890625000e+03,3.208600000000000000e+05,5.246882031250000000e+04
3.731461875000000000e+05,1.848029052734375000e+03,3.136859375000000000e+05,5.761222656250000000e+04
3.713120937500000000e+05,1.959969238281250000e+03,3.104127187500000000e+05,5.893939453125000000e+04
3.691430937500000000e+05,1.832559814453125000e+03,3.112551562500000000e+05,5.605537500000000000e+04
3.671403437500000000e+05,1.773902221679687500e+03,3.137820937500000000e+05,5.158434765625000000e+04
3.652519375000000000e+05,1.896500488281250000e+03,3.147759687500000000e+05,4.857947265625000000e+04
3.629884375000000000e+05,2.150923339843750000e+03,3.121107500000000000e+05,4.872676171875000000e+04
3.602500000000000000e+05,2.427559570312500000e+03,3.059449062500000000e+05,5.187753515625000000e+04
3.572679375000000000e+05,2.619781494140625000e+03,2.985331875000000000e+05,5.611496484375000000e+04
3.538703750000000000e+05,2.668837158203125000e+03,2.928069687500000000e+05,5.839457421875000000e+04
3.497615625000000000e+05,2.591900390625000000e+03,2.900509687500000000e+05,5.711868750000000000e+04
3.451945937500000000e+05,2.461034423828125000e+03,2.888506875000000000e+05,5.388288671875000000e+04
3.402613125000000000e+05,2.403807617187500000e+03,2.857297187500000000e+05,5.212777343750000000e+04
3.347040937500000000e+05,2.498485107421875000e+03,2.785018437500000000e+05,5.370375000000000000e+04
3.289008750000000000e+05,2.749764404296875000e+03,2.689487812500000000e+05,5.720234375000000000e+04
3.232655625000000000e+05,3.319395507812500000e+03,2.603199531250000000e+05,5.962621093750000000e+04
3.174365000000000000e+05,4.446791015625000000e+03,2.546406093750000000e+05,5.834909765625000000e+04
3.107806875000000000e+05,6.135818359375000000e+03,2.514884843750000000e+05,5.315639843750000000e+04
3.033260937500000000e+05,8.403224609375000000e+03,2.482696250000000000e+05,4.665325390625000000e+04
2.950325937500000000e+05,1.109592773437500000e+04,2.409821875000000000e+05,4.295449218750000000e+04
2.853871875000000000e+05,1.407617089843750000e+04,2.263358125000000000e+05,4.497519140625000000e+04
2.738202187500000000e+05,1.617021289062500000e+04,2.047589843750000000e+05,5.289101171875000000e+04
2.622860937500000000e+05,1.756697265625000000e+04,1.800303437500000000e+05,6.468877343750000000e+04
2.523773125000000000e+05,1.940079882812500000e+04,1.585262812500000000e+05,7.445023437500000000e+04
2.406016250000000000e+05,2.124709960937500000e+04,1.449752031250000000e+05,7.437932812500000000e+04
2.285082812500000000e+05,2.203079882812500000e+04,1.412440468750000000e+05,6.523343750000000000e+04
2.214449531250000000e+05,2.149275390625000000e+04,1.425029687500000000e+05,5.744923437500000000e+04
2.188938750000000000e+05,2.478865039062500000e+04,1.305329687500000000e+05,6.357225781250000000e+04
2.268553281250000000e+05,3.995690625000000000e+04,1.200534062500000000e+05,6.684501562500000000e+04
2.045190937500000000e+05,2.457709570312500000e+04,1.011127031250000000e+05,7.882930468750000000e+04
2.108910000000000000e+05,3.546809765625000000e+04,9.289639843750000000e+04,8.252650781250000000e+04
1.998845312500000000e+05,2.038422851562500000e+04,8.657726562500000000e+04,9.292303125000000000e+04
2.040400312500000000e+05,2.423332617187500000e+04,7.475061718750000000e+04,1.050560937500000000e+05
1.916255468750000000e+05,1.701507421875000000e+04,6.977310937500000000e+04,1.048373593750000000e+05
1.929673593750000000e+05,2.265926953125000000e+04,8.024608593750000000e+04,9.006200000000000000e+04
1.843766562500000000e+05,1.207944726562500000e+04,9.200289062500000000e+04,8.029431250000000000e+04
1.820535937500000000e+05,1.503490136718750000e+04,8.308624218750000000e+04,8.393244531250000000e+04
1.737889687500000000e+05,1.072651953125000000e+04,6.978601562500000000e+04,9.327642968750000000e+04
1.686315000000000000e+05,1.191114160156250000e+04,6.783007812500000000e+04,8.889028906250000000e+04
1.628383437500000000e+05,1.147344433593750000e+04,7.636334375000000000e+04,7.500155468750000000e+04
1.567475625000000000e+05,8.476574218750000000e+03,7.931528125000000000e+04,6.895569531250000000e+04
1.496486875000000000e+05,9.006320312500000000e+03,7.204054687500000000e+04,6.860182812500000000e+04
1.447781250000000000e+05,8.742141601562500000e+03,6.784340625000000000e+04,6.819257812500000000e+04
1.388015000000000000e+05,1.136149511718750000e+04,7.071545312500000000e+04,5.672454687500000000e+04
1.325918593750000000e+05,9.686610351562500000e+03,7.672048437500000000e+04,4.618476562500000000e+04
1.260892812500000000e+05,8.661448242187500000e+03,7.078753906250000000e+04,4.664030078125000000e+04
1.182606875000000000e+05,9.331919921875000000e+03,5.715247656250000000e+04,5.177629296875000000e+04
1.123364843750000000e+05,1.106384277343750000e+04,4.952447656250000000e+04,5.174816015625000000e+04
1.026690546875000000e+05,9.851064453125000000e+03,4.943221093750000000e+04,4.338578125000000000e+04
9.648799218750000000e+04,7.199758300781250000e+03,4.941128515625000000e+04,3.987694921875000000e+04
8.646882812500000000e+04,6.668414550781250000e+03,4.028857812500000000e+04,3.951183984375000000e+04
8.021289843750000000e+04,7.328256835937500000e+03,3.321366015625000000e+04,3.967098046875000000e+04
7.001243750000000000e+04,5.671858398437500000e+03,3.136799414062500000e+04,3.297258593750000000e+04
6.360663281250000000e+04,5.698406738281250000e+03,2.827414648437500000e+04,2.963407617187500000e+04
5.541502343750000000e+04,5.568023925781250000e+03,1.996802539062500000e+04,2.987897656250000000e+04
4.723265625000000000e+04,5.259000488281250000e+03,1.817319531250000000e+04,2.380046093750000000e+04
4.274617187500000000e+04,4.974143554687500000e+03,1.852442382812500000e+04,1.924760742187500000e+04
3.695483593750000000e+04,9.049127929687500000e+03,1.214056835937500000e+04,1.576513964843750000e+04
3.610599218750000000e+04,9.402920898437500000e+03,9.075553710937500000e+03,1.762751757812500000e+04
4.112621093750000000e+04,1.905243945312500000e+04,9.853750976562500000e+03,1.222001953125000000e+04
3.913610937500000000e+04,1.764302343750000000e+04,5.273559570312500000e+03,1.621952832031250000e+04
2.576608203125000000e+04,1.147877636718750000e+04,5.190458984375000000e+03,9.096848632812500000e+03
2.342183203125000000e+04,1.206700781250000000e+04,4.533747558593750000e+03,6.821077148437500000e+03
2.624248242187500000e+04,1.421043261718750000e+04,2.805290283203125000e+03,9.226759765625000000e+03
1.875170703125000000e+04,1.063611621093750000e+04,1.897420043945312500e+03,6.218171386718750000e+03
1.545053417968750000e+04,9.227737304687500000e+03,1.675884033203125000e+03,4.546913085937500000e+03
1.887590625000000000e+04,1.168214062500000000e+04,1.128259033203125000e+03,6.065506347656250000e+03
1.094647167968750000e+04,7.447314453125000000e+03,9.095469360351562500e+02,2.589610107421875000e+03
1.211550781250000000e+04,7.018012207031250000e+03,1.164860717773437500e+03,3.932634277343750000e+03
1.258122558593750000e+04,8.522458007812500000e+03,6.536419677734375000e+02,3.405125732421875000e+03
5.658569335937500000e+03,3.654431396484375000e+03,4.357498474121093750e+02,1.568388305664062500e+03
1.166637109375000000e+04,6.724642089843750000e+03,1.027973388671875000e+03,3.913755615234375000e+03
5.222403808593750000e+03,3.474849365234375000e+03,3.815688781738281250e+02,1.365985717773437500e+03
6.752566406250000000e+03,4.062622314453125000e+03,6.191667480468750000e+02,2.070777099609375000e+03
7.133252929687500000e+03,3.715894775390625000e+03,8.909006347656250000e+02,2.526457519531250000e+03
3.311488525390625000e+03,2.185343261718750000e+03,4.342590942382812500e+02,6.918861694335937500e+02
7.329033203125000000e+03,3.665977050781250000e+03,8.947126464843750000e+02,2.768343994140625000e+03
2.821089599609375000e+03,1.411113769531250000e+03,6.349804687500000000e+02,7.749953002929687500e+02
5.593826171875000000e+03,2.939382080078125000e+03,7.816470947265625000e+02,1.872797119140625000e+03
3.667280761718750000e+03,1.309204223632812500e+03,9.972366943359375000e+02,1.360839721679687500e+03
3.843533447265625000e+03,2.371925537109375000e+03,5.951264648437500000e+02,8.764815063476562500e+02
4.123675781250000000e+03,1.498651245117187500e+03,1.177973754882812500e+03,1.447051025390625000e+03
2.980362304687500000e+03,1.620438110351562500e+03,7.094426879882812500e+02,6.504814453125000000e+02
3.848772460937500000e+03,1.636538696289062500e+03,7.527545776367187500e+02,1.459479248046875000e+03
2.700444580078125000e+03,1.027916137695312500e+03,9.873645629882812500e+02,6.851638183593750000e+02
3.254562011718750000e+03,1.707562500000000000e+03,7.792188110351562500e+02,7.677806396484375000e+02
2.503016845703125000e+03,7.535351562500000000e+02,8.639005737304687500e+02,8.855811157226562500e+02
2.727392333984375000e+03,1.546861816406250000e+03,6.398547973632812500e+02,5.406758422851562500e+02
2.191349609375000000e+03,6.524463500976562500e+02,8.058442993164062500e+02,7.330588989257812500e+02
2.391758300781250000e+03,1.234127075195312500e+03,6.534865112304687500e+02,5.041447143554687500e+02
1.833469604492187500e+03,6.657485351562500000e+02,5.292020263671875000e+02,6.385190429687500000e+02
2.130509277343750000e+03,1.011152526855468750e+03,6.735618286132812500e+02,4.457948913574218750e+02
1.556595947265625000e+03,6.315603637695312500e+02,4.559810791015625000e+02,4.690543823242187500e+02
1.807277587890625000e+03,7.894758300781250000e+02,5.140680541992187500e+02,5.037335815429687500e+02
1.403990234375000000e+03,6.184042968750000000e+02,3.913490600585937500e+02,3.942369384765625000e+02
1.475005615234375000e+03,6.360792846679687500e+02,4.301375732421875000e+02,4.087887878417968750e+02
1.343509887695312500e+03,5.851566772460937500e+02,3.552165222167968750e+02,4.031366882324218750e+02
1.153788940429687500e+03,4.686814270019531250e+02,2.956969604492187500e+02,3.894105224609375000e+02
1.332111816406250000e+03,5.981210327148437500e+02,3.381359863281250000e+02,3.958548583984375000e+02
9.091229248046875000e+02,2.823805541992187500e+02,2.456424102783203125e+02,3.811000061035156250e+02
1.276684082031250000e+03,6.091701660156250000e+02,2.758123779296875000e+02,3.917014770507812500e+02
8.267199096679687500e+02,2.282646942138671875e+02,2.043396301269531250e+02,3.941156005859375000e+02
1.126568115234375000e+03,4.946824035644531250e+02,2.165935211181640625e+02,4.152921752929687500e+02
8.728890380859375000e+02,2.803036804199218750e+02,1.977318115234375000e+02,3.948535156250000000e+02
9.379075927734375000e+02,3.577360534667968750e+02,1.898030242919921875e+02,3.903684997558593750e+02
9.184343261718750000e+02,3.132964172363281250e+02,1.843998107910156250e+02,4.207380981445312500e+02
8.225618896484375000e+02,2.603045349121093750e+02,1.595254364013671875e+02,4.027319641113281250e+02
8.897051391601562500e+02,3.226881103515625000e+02,1.747724456787109375e+02,3.922445678710937500e+02
7.872312011718750000e+02,2.313565368652343750e+02,1.540825805664062500e+02,4.017921142578125000e+02
8.281273193359375000e+02,2.808955688476562500e+02,1.548187103271484375e+02,3.924130249023437500e+02
7.634283447265625000e+02,2.294632263183593750e+02,1.513726196289062500e+02,3.825925292968750000e+02
7.875979003906250000e+02,2.623757934570312500e+02,1.518170776367187500e+02,3.734050292968750000e+02
7.190018310546875000e+02,1.904880065917968750e+02,1.528418884277343750e+02,3.756719665527343750e+02
7.622757568359375000e+02,2.574640197753906250e+02,1.398768615722656250e+02,3.649348754882812500e+02
6.809266967773437500e+02,1.874134216308593750e+02,1.477906341552734375e+02,3.457226562500000000e+02
7.153190917968750000e+02,2.148473815917968750e+02,1.438253936767578125e+02,3.566463317871093750e+02
6.700534667968750000e+02,2.067329254150390625e+02,1.390579071044921875e+02,3.242626647949218750e+02
6.512032470703125000e+02,1.823575439453125000e+02,1.433014526367187500e+02,3.255442504882812500e+02
6.679926757812500000e+02,2.089225311279296875e+02,1.420583953857421875e+02,3.170117797851562500e+02
6.016589355468750000e+02,1.657312927246093750e+02,1.405711212158203125e+02,2.953565063476562500e+02
6.436569213867187500e+02,1.980318145751953125e+02,1.420102691650390625e+02,3.036148376464843750e+02
5.863283691406250000e+02,1.622698822021484375e+02,1.444255371093750000e+02,2.796329040527343750e+02
5.970093994140625000e+02,1.778233032226562500e+02,1.448106994628906250e+02,2.743754272460937500e+02
5.839396972656250000e+02,1.640855255126953125e+02,1.457518920898437500e+02,2.741022949218750000e+02
5.615083007812500000e+02,1.587069244384765625e+02,1.457096099853515625e+02,2.570917968750000000e+02
5.655242309570312500e+02,1.601256713867187500e+02,1.495226135253906250e+02,2.558759613037109375e+02
5.458743896484375000e+02,1.460555114746093750e+02,1.504689025878906250e+02,2.493500061035156250e+02
5.432721557617187500e+02,1.546368103027343750e+02,1.470066528320312500e+02,2.416286773681640625e+02
5.278374023437500000e+02,1.371301879882812500e+02,1.512251739501953125e+02,2.394820861816406250e+02
5.315806274414062500e+02,1.464582214355468750e+02,1.523575286865234375e+02,2.327648925781250000e+02
5.103752136230468750e+02,1.355755615234375000e+02,1.472809600830078125e+02,2.275187072753906250e+02
5.139216308593750000e+02,1.358908691406250000e+02,1.508099517822265625e+02,2.272208251953125000e+02
5.056668090820312500e+02,1.345245361328125000e+02,1.497505798339843750e+02,2.213916778564453125e+02
4.916058349609375000e+02,1.278343963623046875e+02,1.470805053710937500e+02,2.166909332275390625e+02
4.980255737304687500e+02,1.324262695312500000e+02,1.494158935546875000e+02,2.161834259033203125e+02
4.804769897460937500e+02,1.220486221313476562e+02,1.454733886718750000e+02,2.129550018310546875e+02
4.807897033691406250e+02,1.274205551147460938e+02,1.451061553955078125e+02,2.082630004882812500e+02
4.745029296875000000e+02,1.219283447265625000e+02,1.443649597167968750e+02,2.082096099853515625e+02
4.657536621093750000e+02,1.188293304443359375e+02,1.414406433105468750e+02,2.054837036132812500e+02
4.641419372558593750e+02,1.212222061157226562e+02,1.408579254150390625e+02,2.020617980957031250e+02
4.557578735351562500e+02,1.144547882080078125e+02,1.389602661132812500e+02,2.023428039550781250e+02
4.524942626953125000e+02,1.160304336547851562e+02,1.363105010986328125e+02,2.001533203125000000e+02
4.451262817382812500e+02,1.132622680664062500e+02,1.350790100097656250e+02,1.967850189208984375e+02
4.424215087890625000e+02,1.122269897460937500e+02,1.333731231689453125e+02,1.968214111328125000e+02
4.358833007812500000e+02,1.107010574340820312e+02,1.310906982421875000e+02,1.940915679931640625e+02
4.298878784179687500e+02,1.084339752197265625e+02,1.297935791015625000e+02,1.916603393554687500e+02
4.284861755371093750e+02,1.091402587890625000e+02,1.286560974121093750e+02,1.906898193359375000e+02
4.200801391601562500e+02,1.055490264892578125e+02,1.262793807983398438e+02,1.882517547607421875e+02
4.171386718750000000e+02,1.058197021484375000e+02,1.245203018188476562e+02,1.867986907958984375e+02
4.134401245117187500e+02,1.045046463012695312e+02,1.236013488769531250e+02,1.853341217041015625e+02
4.072686157226562500e+02,1.026153030395507812e+02,1.217050323486328125e+02,1.829482574462890625e+02
4.044035644531250000e+02,1.025133361816406250e+02,1.197251968383789062e+02,1.821650238037109375e+02
3.995576171875000000e+02,1.003377075195312500e+02,1.185829391479492188e+02,1.806369476318359375e+02
3.959146728515625000e+02,1.007179107666015625e+02,1.171764144897460938e+02,1.780203704833984375e+02
3.915685119628906250e+02,9.917227935791015625e+01,1.153162994384765625e+02,1.770799255371093750e+02
3.876463317871093750e+02,9.788439941406250000e+01,1.143026123046875000e+02,1.754593200683593750e+02
3.844765625000000000e+02,9.849430847167968750e+01,1.130961151123046875e+02,1.728861389160156250e+02
3.796209716796875000e+02,9.654791259765625000e+01,1.116112899780273438e+02,1.714617767333984375e+02
3.767283935546875000e+02,9.634995269775390625e+01,1.105232696533203125e+02,1.698551483154296875e+02
3.731546630859375000e+02,9.604555511474609375e+01,1.094605255126953125e+02,1.676486053466796875e+02
3.687802124023437500e+02,9.474298095703125000e+01,1.080818023681640625e+02,1.659554290771484375e+02
3.660092773437500000e+02,9.462482452392578125e+01,1.070666122436523438e+02,1.643178558349609375e+02
3.622843627929687500e+02,9.379483032226562500e+01,1.060405883789062500e+02,1.624489440917968750e+02
3.587143554687500000e+02,9.317590332031250000e+01,1.049552307128906250e+02,1.605832061767578125e+02
3.554221801757812500e+02,9.271879577636718750e+01,1.039393844604492188e+02,1.587639923095703125e+02
3.519514160156250000e+02,9.192227172851562500e+01,1.031761932373046875e+02,1.568529510498046875e+02
3.489245605468750000e+02,9.150966644287109375e+01,1.023708648681640625e+02,1.550440521240234375e+02
3.453539428710937500e+02,9.074224853515625000e+01,1.013686218261718750e+02,1.532430572509765625e+02
3.421474914550781250e+02,9.029116058349609375e+01,1.005923385620117188e+02,1.512639923095703125e+02
3.392730407714843750e+02,8.979998779296875000e+01,9.993128204345703125e+01,1.495417785644531250e+02
8.093972000000000000e+06,6.356426000000000000e+06,5.310431250000000000e+05,1.206503125000000000e+06
3.388140869140625000e+02,8.949591064453125000e+01,9.977623748779296875e+01,1.495419158935546875e+02
3.387256469726562500e+02,8.950435638427734375e+01,9.980299377441406250e+01,1.494183044433593750e+02
3.386893920898437500e+02,8.947953796386718750e+01,9.979050445556640625e+01,1.494193267822265625e+02
3.382509155273437500e+02,8.935654449462890625e+01,9.957467651367187500e+01,1.493197021484375000e+02
3.374625854492187500e+02,8.930262756347656250e+01,9.913932800292968750e+01,1.490206146240234375e+02
3.358852539062500000e+02,8.915871429443359375e+01,9.856686401367187500e+01,1.481596679687500000e+02
3.336808471679687500e+02,8.839341735839843750e+01,9.867749786376953125e+01,1.466099090576171875e+02
3.369184570312500000e+02,9.666520690917968750e+01,9.761183166503906250e+01,1.426414184570312500e+02
3.320432739257812500e+02,8.903779602050781250e+01,9.812751007080078125e+01,1.448779449462890625e+02
3.275888061523437500e+02,8.664498901367187500e+01,9.918730926513671875e+01,1.417564849853515625e+02
3.179520874023437500e+02,8.277702331542968750e+01,9.943551635742187500e+01,1.357395477294921875e+02
3.004388122558593750e+02,8.014129638671875000e+01,9.515322113037109375e+01,1.251442871093750000e+02
2.764814453125000000e+02,8.288624572753906250e+01,8.270928955078125000e+01,1.108859176635742188e+02
2.543197937011718750e+02,8.771908569335937500e+01,7.342812347412109375e+01,9.317256927490234375e+01
2.231383666992187500e+02,1.003806381225585938e+02,5.150724792480468750e+01,7.125048828125000000e+01
2.126430816650390625e+02,9.339134216308593750e+01,4.915576553344726562e+01,7.009597778320312500e+01
2.060879821777343750e+02,8.955963897705078125e+01,4.793886947631835938e+01,6.858946990966796875e+01
1.996557617187500000e+02,8.679078674316406250e+01,4.641491699218750000e+01,6.645005798339843750e+01
1.791964111328125000e+02,7.791011047363281250e+01,4.221944808959960938e+01,5.906684875488281250e+01
2.049360961914062500e+02,1.236928939819335938e+02,3.467468643188476562e+01,4.656850433349609375e+01
1.700526428222656250e+02,7.763350677490234375e+01,3.868930435180664062e+01,5.372982788085937500e+01
1.568524932861328125e+02,7.396620941162109375e+01,3.520845794677734375e+01,4.767782974243164062e+01
1.467473144531250000e+02,7.256008148193359375e+01,3.159759140014648438e+01,4.258964538574218750e+01
1.374450988769531250e+02,6.927719116210937500e+01,2.873696517944335938e+01,3.943093872070312500e+01
1.233746261596679688e+02,6.050244522094726562e+01,2.600382423400878906e+01,3.686835479736328125e+01
1.090459747314453125e+02,5.188238143920898438e+01,2.424907112121582031e+01,3.291452407836914062e+01
1.020200042724609375e+02,4.799190521240234375e+01,2.412077903747558594e+01,2.990731430053710938e+01
9.938993835449218750e+01,4.506996154785156250e+01,2.384101486206054688e+01,3.047896003723144531e+01
9.761914825439453125e+01,4.392343902587890625e+01,2.405358123779296875e+01,2.964212608337402344e+01
9.492749023437500000e+01,4.234020233154296875e+01,2.375226020812988281e+01,2.883503341674804688e+01
9.117485046386718750e+01,4.092610931396484375e+01,2.263305854797363281e+01,2.761568260192871094e+01
8.727248382568359375e+01,3.974106597900390625e+01,2.110690498352050781e+01,2.642451286315917969e+01
8.091418457031250000e+01,3.707680130004882812e+01,1.900483894348144531e+01,2.483254623413085938e+01
7.200789642333984375e+01,3.389642715454101562e+01,1.607263946533203125e+01,2.203883171081542969e+01
6.733971405029296875e+01,3.279397964477539062e+01,1.387705135345458984e+01,2.066868400573730469e+01
6.335095977783203125e+01,3.011504173278808594e+01,1.359214878082275391e+01,1.964377021789550781e+01
6.122908020019531250e+01,2.798216629028320312e+01,1.366166496276855469e+01,1.958525085449218750e+01
5.745249938964843750e+01,2.505849266052246094e+01,1.333573818206787109e+01,1.905827140808105469e+01
5.088420867919921875e+01,2.176314544677734375e+01,1.195096778869628906e+01,1.717009925842285156e+01
4.409343338012695312e+01,2.069182014465332031e+01,9.757783889770507812e+00,1.364382839202880859e+01
4.162659454345703125e+01,2.061756706237792969e+01,9.067766189575195312e+00,1.194125938415527344e+01
4.076410675048828125e+01,2.077626609802246094e+01,8.418167114257812500e+00,1.156967544555664062e+01
4.013608551025390625e+01,2.058934020996093750e+01,8.300271987915039062e+00,1.124647426605224609e+01
3.861281967163085938e+01,1.994679260253906250e+01,7.768695354461669922e+00,1.089733028411865234e+01
3.583045578002929688e+01,1.894318008422851562e+01,7.222911357879638672e+00,9.664362907409667969e+00
3.344659042358398438e+01,1.847665023803710938e+01,6.658021450042724609e+00,8.311917304992675781e+00
3.272761154174804688e+01,1.819081878662109375e+01,6.852501392364501953e+00,7.684291839599609375e+00
3.220541381835937500e+01,1.784072113037109375e+01,7.036154747009277344e+00,7.328536510467529297e+00
3.136989593505859375e+01,1.710480499267578125e+01,7.406355381011962891e+00,6.858736038208007812e+00
2.965206909179687500e+01,1.578297233581542969e+01,7.826637744903564453e+00,6.042459964752197266e+00
2.727611351013183594e+01,1.415243625640869141e+01,8.084835052490234375e+00,5.038842678070068359e+00
2.606875419616699219e+01,1.383186912536621094e+01,7.544365882873535156e+00,4.692517757415771484e+00
2.557357597351074219e+01,1.354229450225830078e+01,7.015466213226318359e+00,5.015816211700439453e+00
2.539968681335449219e+01,1.349911022186279297e+01,6.763202190399169922e+00,5.137374401092529297e+00
2.525762748718261719e+01,1.344573211669921875e+01,6.621242046356201172e+00,5.190653324127197266e+00
2.497362327575683594e+01,1.338496875762939453e+01,6.411257266998291016e+00,5.177396774291992188e+00
2.476706695556640625e+01,1.330901622772216797e+01,6.460324287414550781e+00,4.997726917266845703e+00
2.443214225769042969e+01,1.306595325469970703e+01,6.545140266418457031e+00,4.821049213409423828e+00
2.392364501953125000e+01,1.268842697143554688e+01,6.593980789184570312e+00,4.641238212585449219e+00
2.318356323242187500e+01,1.207234287261962891e+01,6.556823253631591797e+00,4.554398536682128906e+00
2.283196258544921875e+01,1.170641326904296875e+01,6.416995525360107422e+00,4.708554267883300781e+00
2.255132102966308594e+01,1.151315975189208984e+01,6.542861461639404297e+00,4.495300769805908203e+00
2.248235511779785156e+01,1.149259948730468750e+01,6.579643726348876953e+00,4.410112380981445312e+00
2.245453071594238281e+01,1.148445796966552734e+01,6.690700054168701172e+00,4.279373168945312500e+00
2.241927528381347656e+01,1.145322608947753906e+01,6.737047672271728516e+00,4.229001522064208984e+00
2.232987594604492188e+01,1.136732673645019531e+01,6.916506767272949219e+00,4.046042442321777344e+00
2.217954826354980469e+01,1.123575878143310547e+01,7.077477931976318359e+00,3.866312503814697266e+00
2.183255577087402344e+01,1.090564537048339844e+01,7.380925178527832031e+00,3.545983791351318359e+00
2.185316658020019531e+01,1.081395339965820312e+01,7.821254253387451172e+00,3.217958211898803711e+00
2.159246253967285156e+01,1.074393367767333984e+01,7.548442363739013672e+00,3.300087451934814453e+00
2.122163581848144531e+01,1.056010437011718750e+01,7.435962200164794922e+00,3.225569248199462891e+00
2.090980911254882812e+01,1.048781394958496094e+01,7.035410404205322266e+00,3.386585950851440430e+00
2.086452674865722656e+01,1.046671867370605469e+01,6.955285072326660156e+00,3.442521333694458008e+00
2.084221458435058594e+01,1.044855117797851562e+01,6.884431838989257812e+00,3.509230852127075195e+00
2.082995223999023438e+01,1.043509864807128906e+01,6.873222351074218750e+00,3.521631717681884766e+00
2.079539489746093750e+01,1.040413379669189453e+01,6.868378639221191406e+00,3.522881507873535156e+00
2.072799110412597656e+01,1.035802364349365234e+01,6.891038417816162109e+00,3.478930234909057617e+00
2.062547874450683594e+01,1.022516918182373047e+01,6.902906417846679688e+00,3.497403860092163086e+00
2.044596862792968750e+01,1.007420825958251953e+01,6.928541183471679688e+00,3.443218708038330078e+00
1.979412078857421875e+01,9.375156402587890625e+00,7.193886280059814453e+00,3.225078105926513672e+00
1.903123664855957031e+01,8.452211380004882812e+00,7.225951194763183594e+00,3.353073358535766602e+00
1.807984542846679688e+01,7.526267051696777344e+00,7.209136962890625000e+00,3.344440698623657227e+00
1.667509078979492188e+01,6.713290691375732422e+00,7.038420677185058594e+00,2.923379898071289062e+00
1.592038917541503906e+01,6.696316719055175781e+00,6.603155612945556641e+00,2.620916128158569336e+00
1.575762271881103516e+01,6.755312442779541016e+00,6.945469379425048828e+00,2.056841135025024414e+00
1.555863475799560547e+01,6.571295738220214844e+00,6.746937274932861328e+00,2.240401268005371094e+00
1.553814220428466797e+01,6.506985187530517578e+00,6.811313629150390625e+00,2.219844102859497070e+00
1.550974369049072266e+01,6.431536674499511719e+00,6.887382507324218750e+00,2.190824747085571289e+00
1.548402023315429688e+01,6.351335048675537109e+00,6.995354652404785156e+00,2.137331247329711914e+00
1.540808486938476562e+01,6.228268623352050781e+00,7.085203170776367188e+00,2.094612598419189453e+00
1.514101028442382812e+01,5.875872611999511719e+00,7.285982608795166016e+00,1.979154348373413086e+00
1.467775058746337891e+01,5.433144569396972656e+00,7.336278915405273438e+00,1.908326983451843262e+00
1.383510971069335938e+01,4.897510528564453125e+00,7.116110801696777344e+00,1.821488618850708008e+00
1.686074638366699219e+01,5.888023853302001953e+00,8.241818428039550781e+00,2.730904340744018555e+00
1.359682655334472656e+01,4.842212677001953125e+00,7.004598140716552734e+00,1.750015258789062500e+00
1.293490028381347656e+01,5.000208377838134766e+00,6.201843261718750000e+00,1.732848763465881348e+00
1.260998630523681641e+01,5.283157348632812500e+00,5.763014793395996094e+00,1.563814282417297363e+00
1.241615390777587891e+01,5.611769676208496094e+00,5.235036373138427734e+00,1.569348096847534180e+00
1.224698925018310547e+01,5.590396404266357422e+00,5.149290561676025391e+00,1.507301926612854004e+00
1.212248802185058594e+01,5.497210979461669922e+00,5.136293411254882812e+00,1.488983154296875000e+00
1.207985115051269531e+01,5.501924514770507812e+00,5.096346378326416016e+00,1.481580853462219238e+00
1.201847267150878906e+01,5.530278205871582031e+00,5.021697521209716797e+00,1.466497302055358887e+00
1.195824432373046875e+01,5.576303958892822266e+00,4.947507381439208984e+00,1.434432506561279297e+00
1.190581321716308594e+01,5.586045742034912109e+00,4.925390243530273438e+00,1.394377112388610840e+00
1.188172149658203125e+01,5.604535102844238281e+00,4.872530460357666016e+00,1.404655337333679199e+00
1.187407493591308594e+01,5.615950107574462891e+00,4.833023548126220703e+00,1.425101161003112793e+00
1.186753463745117188e+01,5.604772090911865234e+00,4.830145835876464844e+00,1.432617187500000000e+00
1.184591197967529297e+01,5.581016540527343750e+00,4.812359333038330078e+00,1.452536463737487793e+00
1.181519603729248047e+01,5.571474552154541016e+00,4.766514778137207031e+00,1.477206468582153320e+00
1.260983562469482422e+01,5.880616664886474609e+00,4.873125553131103516e+00,1.856093764305114746e+00
1.180601692199707031e+01,5.575120925903320312e+00,4.769679069519042969e+00,1.461216449737548828e+00
1.175404262542724609e+01,5.566284179687500000e+00,4.702014923095703125e+00,1.485743403434753418e+00
1.169153594970703125e+01,5.554231166839599609e+00,4.632694244384765625e+00,1.504610538482666016e+00
1.161402320861816406e+01,5.505737304687500000e+00,4.582524299621582031e+00,1.525761723518371582e+00
1.153531074523925781e+01,5.426250457763671875e+00,4.571017265319824219e+00,1.538043498992919922e+00
1.144977951049804688e+01,5.291885375976562500e+00,4.513445854187011719e+00,1.644448399543762207e+00
1.134514522552490234e+01,5.098617076873779297e+00,4.575085639953613281e+00,1.671442866325378418e+00
1.125838947296142578e+01,4.992161750793457031e+00,4.554253101348876953e+00,1.711974024772644043e+00
1.109622669219970703e+01,4.805438041687011719e+00,4.458055496215820312e+00,1.832732796669006348e+00
1.097591018676757812e+01,4.736684322357177734e+00,4.356784343719482422e+00,1.882441997528076172e+00
1.060400295257568359e+01,4.647928237915039062e+00,4.051247119903564453e+00,1.904827833175659180e+00
1.013071060180664062e+01,4.704285621643066406e+00,3.675857543945312500e+00,1.750567436218261719e+00
1.806370925903320312e+01,6.975514888763427734e+00,5.946119785308837891e+00,5.142073631286621094e+00
1.005105781555175781e+01,4.671276569366455078e+00,3.697067022323608398e+00,1.682714462280273438e+00
9.716206550598144531e+00,4.966871738433837891e+00,3.366311788558959961e+00,1.383023500442504883e+00
9.616901397705078125e+00,5.090586185455322266e+00,3.293503999710083008e+00,1.232810497283935547e+00
9.587154388427734375e+00,5.152325153350830078e+00,3.281059503555297852e+00,1.153769254684448242e+00
9.563264846801757812e+00,5.186028003692626953e+00,3.265902757644653320e+00,1.111333966255187988e+00
9.539996147155761719e+00,5.182163715362548828e+00,3.277778148651123047e+00,1.080054402351379395e+00
9.516376495361328125e+00,5.195372104644775391e+00,3.243235111236572266e+00,1.077769041061401367e+00
9.495012283325195312e+00,5.170362949371337891e+00,3.241473436355590820e+00,1.083175778388977051e+00
9.465731620788574219e+00,5.151299476623535156e+00,3.185263156890869141e+00,1.129168152809143066e+00
9.414540290832519531e+00,5.088181018829345703e+00,3.218543767929077148e+00,1.107815384864807129e+00
9.302067756652832031e+00,4.935773372650146484e+00,3.332467317581176758e+00,1.033826828002929688e+00
9.168125152587890625e+00,4.780435562133789062e+00,3.420985698699951172e+00,9.667032957077026367e-01
9.081526756286621094e+00,4.705575942993164062e+00,3.702426433563232422e+00,6.735239028930664062e-01
8.876353263854980469e+00,4.528964042663574219e+00,3.579575538635253906e+00,7.678132653236389160e-01
8.742598533630371094e+00,4.636091232299804688e+00,3.311146974563598633e+00,7.953603863716125488e-01
8.576559066772460938e+00,4.697178840637207031e+00,3.094650506973266602e+00,7.847295403480529785e-01
8.349403381347656250e+00,4.824820518493652344e+00,2.765757799148559570e+00,7.588254809379577637e-01
7.753341197967529297e+00,4.901235103607177734e+00,2.062273502349853516e+00,7.898326516151428223e-01
7.224632263183593750e+00,5.039654254913330078e+00,1.440650224685668945e+00,7.443277835845947266e-01
6.770935535430908203e+00,4.728603839874267578e+00,1.343476057052612305e+00,6.988557577133178711e-01
6.145753860473632812e+00,4.297447204589843750e+00,1.140766620635986328e+00,7.075398564338684082e-01
1.026457405090332031e+01,6.567643165588378906e+00,1.647785544395446777e+00,2.049145460128784180e+00
5.943700313568115234e+00,4.304194927215576172e+00,9.452232718467712402e-01,6.942819356918334961e-01
5.414131164550781250e+00,4.107982635498046875e+00,6.984796524047851562e-01,6.076688170433044434e-01
4.882036209106445312e+00,3.776840448379516602e+00,5.468391776084899902e-01,5.583569407463073730e-01
4.506575584411621094e+00,3.441020488739013672e+00,5.062094330787658691e-01,5.593459010124206543e-01
4.271307945251464844e+00,3.264094591140747070e+00,3.275570273399353027e-01,6.796564459800720215e-01
3.974621057510375977e+00,2.984749794006347656e+00,4.533810019493103027e-01,5.364902019500732422e-01
3.684703350067138672e+00,2.743142127990722656e+00,4.259421825408935547e-01,5.156190991401672363e-01
3.526336193084716797e+00,2.614015579223632812e+00,4.521816372871398926e-01,4.601390063762664795e-01
3.381186962127685547e+00,2.540877580642700195e+00,4.920454919338226318e-01,3.482640683650970459e-01
3.239657878875732422e+00,2.433970928192138672e+00,5.202852487564086914e-01,2.854017317295074463e-01
3.044505357742309570e+00,2.275065422058105469e+00,5.259541869163513184e-01,2.434855997562408447e-01
2.827968358993530273e+00,2.115502357482910156e+00,4.560755789279937744e-01,2.563903629779815674e-01
2.630764245986938477e+00,1.993178129196166992e+00,3.840119242668151855e-01,2.535741329193115234e-01
2.693302631378173828e+00,1.991595983505249023e+00,3.614970147609710693e-01,3.402096629142761230e-01
2.542301654815673828e+00,1.887862086296081543e+00,3.721444904804229736e-01,2.822950482368469238e-01
2.480370521545410156e+00,1.817423343658447266e+00,3.946246504783630371e-01,2.683225870132446289e-01
2.449294805526733398e+00,1.784473776817321777e+00,4.167464375495910645e-01,2.480745464563369751e-01
2.431807279586791992e+00,1.765955090522766113e+00,4.228985011577606201e-01,2.429537475109100342e-01
2.409422159194946289e+00,1.740855932235717773e+00,4.324783682823181152e-01,2.360877543687820435e-01
2.395671129226684570e+00,1.690909743309020996e+00,4.385033845901489258e-01,2.662579417228698730e-01
2.363160610198974609e+00,1.681638479232788086e+00,4.434190988540649414e-01,2.381029278039932251e-01
2.348110198974609375e+00,1.670345544815063477e+00,4.384933412075042725e-01,2.392714619636535645e-01
2.326626300811767578e+00,1.643348455429077148e+00,4.383002221584320068e-01,2.449776232242584229e-01
2.308208227157592773e+00,1.621989727020263672e+00,4.275798499584197998e-01,2.586385905742645264e-01
2.292309522628784180e+00,1.595849394798278809e+00,4.266586601734161377e-01,2.698013782501220703e-01
2.292716264724731445e+00,1.598726511001586914e+00,3.935662209987640381e-01,3.004235029220581055e-01
2.285618543624877930e+00,1.593146800994873047e+00,4.084592759609222412e-01,2.840124666690826416e-01
2.280784368515014648e+00,1.590611338615417480e+00,4.025615453720092773e-01,2.876113951206207275e-01
2.278375387191772461e+00,1.589169025421142578e+00,4.053498804569244385e-01,2.838566005229949951e-01
2.277345657348632812e+00,1.586840152740478516e+00,4.044829607009887695e-01,2.860224843025207520e-01
2.273967742919921875e+00,1.576811313629150391e+00,4.098579287528991699e-01,2.872985601425170898e-01
2.272244930267333984e+00,1.568770885467529297e+00,4.135861992835998535e-01,2.898878753185272217e-01
2.267719030380249023e+00,1.556088685989379883e+00,4.182081520557403564e-01,2.934222817420959473e-01
2.263590335845947266e+00,1.544274210929870605e+00,4.252563714981079102e-01,2.940598130226135254e-01
2.256098270416259766e+00,1.532340526580810547e+00,4.230033457279205322e-01,3.007545173168182373e-01
2.246181488037109375e+00,1.523214817047119141e+00,4.268519878387451172e-01,2.961147427558898926e-01
2.235183954238891602e+00,1.518730998039245605e+00,4.138287603855133057e-01,3.026242852210998535e-01
2.225231409072875977e+00,1.514748573303222656e+00,4.010092020034790039e-01,3.094736337661743164e-01
2.217176437377929688e+00,1.509174585342407227e+00,3.895876109600067139e-01,3.184143304824829102e-01
2.207060098648071289e+00,1.498290777206420898e+00,3.836740553379058838e-01,3.250953257083892822e-01
2.192908763885498047e+00,1.480376839637756348e+00,3.781384527683258057e-01,3.343934416770935059e-01
2.183513164520263672e+00,1.461685419082641602e+00,3.845320641994476318e-01,3.372957706451416016e-01
2.174726009368896484e+00,1.445974230766296387e+00,3.943062126636505127e-01,3.344456553459167480e-01
2.167752027511596680e+00,1.433327913284301758e+00,4.068413078784942627e-01,3.275828659534454346e-01
2.159313440322875977e+00,1.419403672218322754e+00,4.219558835029602051e-01,3.179537653923034668e-01
2.153879404067993164e+00,1.413514494895935059e+00,4.277331531047821045e-01,3.126316964626312256e-01
2.148185014724731445e+00,1.407865405082702637e+00,4.315979480743408203e-01,3.087216317653656006e-01
2.140743970870971680e+00,1.403647184371948242e+00,4.335528314113616943e-01,3.035438656806945801e-01
2.122832536697387695e+00,1.392776370048522949e+00,4.305796027183532715e-01,2.994766831398010254e-01
2.079916954040527344e+00,1.369084596633911133e+00,4.333217442035675049e-01,2.775105834007263184e-01
1.999809861183166504e+00,1.326716423034667969e+00,4.268285930156707764e-01,2.462648153305053711e-01
1.881377816200256348e+00,1.250071406364440918e+00,4.188019633293151855e-01,2.125045359134674072e-01
1.864712357521057129e+00,1.149190902709960938e+00,5.939535498619079590e-01,1.215678378939628601e-01
1.777330040931701660e+00,1.140585303306579590e+00,4.878821671009063721e-01,1.488626152276992798e-01
1.654881238937377930e+00,1.034781932830810547e+00,4.560767710208892822e-01,1.640225797891616821e-01
1.608840107917785645e+00,1.032038092613220215e+00,4.074979424476623535e-01,1.693039685487747192e-01
1.540823698043823242e+00,9.563277959823608398e-01,3.972434699535369873e-01,1.872524321079254150e-01
1.507622003555297852e+00,9.174805879592895508e-01,4.039248228073120117e-01,1.862165480852127075e-01
1.470522761344909668e+00,8.909872174263000488e-01,4.042954444885253906e-01,1.752401441335678101e-01
1.429522275924682617e+00,8.325121998786926270e-01,3.662118315696716309e-01,2.307981997728347778e-01
1.401963233947753906e+00,8.256853222846984863e-01,3.678749799728393555e-01,2.084028720855712891e-01
1.382571935653686523e+00,8.050829172134399414e-01,3.757346272468566895e-01,2.017543166875839233e-01
1.368015527725219727e+00,7.802093029022216797e-01,3.767312467098236084e-01,2.110750079154968262e-01
1.350843429565429688e+00,7.764137387275695801e-01,3.671254515647888184e-01,2.073042690753936768e-01
1.340403199195861816e+00,7.519793510437011719e-01,3.838654458522796631e-01,2.045584022998809814e-01
1.333722472190856934e+00,7.536069750785827637e-01,3.704331219196319580e-01,2.096823900938034058e-01
1.331362366676330566e+00,7.486417293548583984e-01,3.528226017951965332e-01,2.298981249332427979e-01
1.328132867813110352e+00,7.452577948570251465e-01,3.685598969459533691e-01,2.143152058124542236e-01
1.327487349510192871e+00,7.396096587181091309e-01,3.698475062847137451e-01,2.180301696062088013e-01
1.326456189155578613e+00,7.362253069877624512e-01,3.696107268333435059e-01,2.206201106309890747e-01
1.322970986366271973e+00,7.247261404991149902e-01,3.708086907863616943e-01,2.274362146854400635e-01
1.323318243026733398e+00,7.093024253845214844e-01,3.790833950042724609e-01,2.349324077367782593e-01
1.321567773818969727e+00,7.165932655334472656e-01,3.746028244495391846e-01,2.303717136383056641e-01
1.318877339363098145e+00,7.118963003158569336e-01,3.740708827972412109e-01,2.329101711511611938e-01
1.316702604293823242e+00,7.050969600677490234e-01,3.779399693012237549e-01,2.336656451225280762e-01
1.315116524696350098e+00,6.948734521865844727e-01,3.888608217239379883e-01,2.313822209835052490e-01
1.313681721687316895e+00,6.950756311416625977e-01,3.876080811023712158e-01,2.309980541467666626e-01
1.312180280685424805e+00,6.867302656173706055e-01,3.905210793018341064e-01,2.349289804697036743e-01
1.311124920845031738e+00,6.823182702064514160e-01,3.944468498229980469e-01,2.343598753213882446e-01
1.309633970260620117e+00,6.706393361091613770e-01,3.986186981201171875e-01,2.403759807348251343e-01
1.307372927665710449e+00,6.609929203987121582e-01,4.029498994350433350e-01,2.434301227331161499e-01
1.305298209190368652e+00,6.503775119781494141e-01,4.079187214374542236e-01,2.470020502805709839e-01
1.302592039108276367e+00,6.420413851737976074e-01,4.194227457046508789e-01,2.411279976367950439e-01
1.302006959915161133e+00,6.346521377563476562e-01,4.281465709209442139e-01,2.392081916332244873e-01
1.300284743309020996e+00,6.333823204040527344e-01,4.288296401500701904e-01,2.380727678537368774e-01
1.299504876136779785e+00,6.409602761268615723e-01,4.269629418849945068e-01,2.315817326307296753e-01
1.298277616500854492e+00,6.345179080963134766e-01,4.302245676517486572e-01,2.335351258516311646e-01
1.297206282615661621e+00,6.285281777381896973e-01,4.333698153495788574e-01,2.353083193302154541e-01
1.294576406478881836e+00,6.175962686538696289e-01,4.319785237312316895e-01,2.450015246868133545e-01
1.291783213615417480e+00,6.022186279296875000e-01,4.415513575077056885e-01,2.480132430791854858e-01
1.289617061614990234e+00,5.947214961051940918e-01,4.437471330165863037e-01,2.511484622955322266e-01
1.286665678024291992e+00,5.842286348342895508e-01,4.454169273376464844e-01,2.570200562477111816e-01
1.282763957977294922e+00,5.745407342910766602e-01,4.523293673992156982e-01,2.558938860893249512e-01
1.276944756507873535e+00,5.458402037620544434e-01,4.582681655883789062e-01,2.728362977504730225e-01
1.270012736320495605e+00,5.429204702377319336e-01,4.512088894844055176e-01,2.758833467960357666e-01
1.262593865394592285e+00,5.257029533386230469e-01,4.530247747898101807e-01,2.838661968708038330e-01
1.250579357147216797e+00,5.135019421577453613e-01,4.407086074352264404e-01,2.963688671588897705e-01
1.240405559539794922e+00,5.091094374656677246e-01,4.340898394584655762e-01,2.972062826156616211e-01
1.227648496627807617e+00,5.024284720420837402e-01,4.156450331211090088e-01,3.095749914646148682e-01
1.212597370147705078e+00,4.945378005504608154e-01,4.154736697673797607e-01,3.025859594345092773e-01
1.167771339416503906e+00,4.830763339996337891e-01,4.097765982151031494e-01,2.749184370040893555e-01
1.108279109001159668e+00,4.633419215679168701e-01,4.047029316425323486e-01,2.402343004941940308e-01
1.020957946777343750e+00,4.210582077503204346e-01,3.756922185420989990e-01,2.242075502872467041e-01
9.546895027160644531e-01,4.020676910877227783e-01,3.390124142169952393e-01,2.136094272136688232e-01
9.023458957672119141e-01,4.503007233142852783e-01,2.298760861158370972e-01,2.221691012382507324e-01
8.889632225036621094e-01,3.996253609657287598e-01,2.810936570167541504e-01,2.082442343235015869e-01
8.353598117828369141e-01,4.394743144512176514e-01,1.672153174877166748e-01,2.286702096462249756e-01
8.581539392471313477e-01,4.130228161811828613e-01,2.172542363405227661e-01,2.278769314289093018e-01
7.781443595886230469e-01,3.790263533592224121e-01,1.777846962213516235e-01,2.213333249092102051e-01
7.223542928695678711e-01,3.485063314437866211e-01,1.905947476625442505e-01,1.832532286643981934e-01
6.657179594039916992e-01,3.268922269344329834e-01,1.788263469934463501e-01,1.599993854761123657e-01
6.608583927154541016e-01,3.272443413734436035e-01,1.642388999462127686e-01,1.693751364946365356e-01
6.463588476181030273e-01,3.247054219245910645e-01,1.600578725337982178e-01,1.615955233573913574e-01
6.453389525413513184e-01,3.178913891315460205e-01,1.766705363988876343e-01,1.507770568132400513e-01
6.390888690948486328e-01,3.208386600017547607e-01,1.644371747970581055e-01,1.538130044937133789e-01
6.354845762252807617e-01,3.218577802181243896e-01,1.603913307189941406e-01,1.532354950904846191e-01
6.332913637161254883e-01,3.234521448612213135e-01,1.597069054841995239e-01,1.501323282718658447e-01
6.796741485595703125e-01,3.694894015789031982e-01,1.619949936866760254e-01,1.481897681951522827e-01
6.330994963645935059e-01,3.245271444320678711e-01,1.595956087112426758e-01,1.489767581224441528e-01
6.312069296836853027e-01,3.210729360580444336e-01,1.640296876430511475e-01,1.461043208837509155e-01
6.294523477554321289e-01,3.188001513481140137e-01,1.653812825679779053e-01,1.452709436416625977e-01
6.266465187072753906e-01,3.142595589160919189e-01,1.659903079271316528e-01,1.463966667652130127e-01
6.242128014564514160e-01,3.109644055366516113e-01,1.668966561555862427e-01,1.463517397642135620e-01
6.243363618850708008e-01,3.133150339126586914e-01,1.591594666242599487e-01,1.518618315458297729e-01
6.232132315635681152e-01,3.114608228206634521e-01,1.630197316408157349e-01,1.487326771020889282e-01
6.209855079650878906e-01,3.098686337471008301e-01,1.668271124362945557e-01,1.442897766828536987e-01
6.202657818794250488e-01,3.099390566349029541e-01,1.677439808845520020e-01,1.425827443599700928e-01
6.203046441078186035e-01,3.106815814971923828e-01,1.681432873010635376e-01,1.414797753095626831e-01
6.199966073036193848e-01,3.098052442073822021e-01,1.677945703268051147e-01,1.423968076705932617e-01
6.198032498359680176e-01,3.107060194015502930e-01,1.680901944637298584e-01,1.410070359706878662e-01
6.197291612625122070e-01,3.101902008056640625e-01,1.680340617895126343e-01,1.415049135684967041e-01
6.191558837890625000e-01,3.086576759815216064e-01,1.662784814834594727e-01,1.442197263240814209e-01
6.188814640045166016e-01,3.077130913734436035e-01,1.647128164768218994e-01,1.464555561542510986e-01
6.183108091354370117e-01,3.066473305225372314e-01,1.627982556819915771e-01,1.488652527332305908e-01
6.191453933715820312e-01,3.060888648033142090e-01,1.610453426837921143e-01,1.520111858844757080e-01
6.182161569595336914e-01,3.065024018287658691e-01,1.622342914342880249e-01,1.494794338941574097e-01
6.180050373077392578e-01,3.065632283687591553e-01,1.638432592153549194e-01,1.475985944271087646e-01
6.178475022315979004e-01,3.072657883167266846e-01,1.671698093414306641e-01,1.434119045734405518e-01
6.173141598701477051e-01,3.067768514156341553e-01,1.683950722217559814e-01,1.421422511339187622e-01
6.171674132347106934e-01,3.067658245563507080e-01,1.706205755472183228e-01,1.397810131311416626e-01
6.163820624351501465e-01,3.057639300823211670e-01,1.721105724573135376e-01,1.385075300931930542e-01
6.148443222045898438e-01,3.047461509704589844e-01,1.734964251518249512e-01,1.366017162799835205e-01
6.119692325592041016e-01,3.028243482112884521e-01,1.746360063552856445e-01,1.345088928937911987e-01
6.114712953567504883e-01,3.025721609592437744e-01,1.740369200706481934e-01,1.348622292280197144e-01
6.094098091125488281e-01,3.014711737632751465e-01,1.743226051330566406e-01,1.336160302162170410e-01
6.034326553344726562e-01,3.015237748622894287e-01,1.696571409702301025e-01,1.322517544031143188e-01
5.980696082115173340e-01,3.006051778793334961e-01,1.663076430559158325e-01,1.311568170785903931e-01
5.947033762931823730e-01,3.085153996944427490e-01,1.628066599369049072e-01,1.233813092112541199e-01
5.895544290542602539e-01,3.055567145347595215e-01,1.603962779045104980e-01,1.236014068126678467e-01
5.865166187286376953e-01,3.044329285621643066e-01,1.591021716594696045e-01,1.229814887046813965e-01
5.824843645095825195e-01,3.046728372573852539e-01,1.543267667293548584e-01,1.234847381711006165e-01
5.794855952262878418e-01,3.040427863597869873e-01,1.514899432659149170e-01,1.239528730511665344e-01
5.746852755546569824e-01,3.031072020530700684e-01,1.463676989078521729e-01,1.252103745937347412e-01
5.700058341026306152e-01,3.033283352851867676e-01,1.399579644203186035e-01,1.267195343971252441e-01
5.594855546951293945e-01,2.990331947803497314e-01,1.284389197826385498e-01,1.320134401321411133e-01
5.439202785491943359e-01,2.958922684192657471e-01,1.137197390198707581e-01,1.343082487583160400e-01
5.158628225326538086e-01,2.762325108051300049e-01,1.052166894078254700e-01,1.344136297702789307e-01
4.756349921226501465e-01,2.485014647245407104e-01,1.004004850983619690e-01,1.267330199480056763e-01
4.566762745380401611e-01,2.237203121185302734e-01,1.061398312449455261e-01,1.268161237239837646e-01
4.224802553653717041e-01,2.017749100923538208e-01,1.063344553112983704e-01,1.143708750605583191e-01
3.880025148391723633e-01,1.728357672691345215e-01,1.094769462943077087e-01,1.056898087263107300e-01
3.561868369579315186e-01,1.465488374233245850e-01,1.039452478289604187e-01,1.056927368044853210e-01
3.484498560428619385e-01,1.403348445892333984e-01,1.040799543261528015e-01,1.040350496768951416e-01
3.354510068893432617e-01,1.415937095880508423e-01,9.194234758615493774e-02,1.019149571657180786e-01
3.275355100631713867e-01,1.331334263086318970e-01,8.570240437984466553e-02,1.086996942758560181e-01
3.250763118267059326e-01,1.304288953542709351e-01,8.719570189714431763e-02,1.074517145752906799e-01
3.231201469898223877e-01,1.297344863414764404e-01,8.542523533105850220e-02,1.079604327678680420e-01
3.216476738452911377e-01,1.283650845289230347e-01,8.438070863485336304e-02,1.089018806815147400e-01
3.207384943962097168e-01,1.287124902009963989e-01,8.271500468254089355e-02,1.093109995126724243e-01
3.199175000190734863e-01,1.280806809663772583e-01,8.198466897010803223e-02,1.098521426320075989e-01
3.191974461078643799e-01,1.276253312826156616e-01,8.251040428876876831e-02,1.090617105364799500e-01
3.209583759307861328e-01,1.279171556234359741e-01,7.978558540344238281e-02,1.132556423544883728e-01
3.191947638988494873e-01,1.274960041046142578e-01,8.203161507844924927e-02,1.096671521663665771e-01
3.189772665500640869e-01,1.274288594722747803e-01,8.269860595464706421e-02,1.088497936725616455e-01
3.188900649547576904e-01,1.272390037775039673e-01,8.294405788183212280e-02,1.087070181965827942e-01
3.188171982765197754e-01,1.269930899143218994e-01,8.296794444322586060e-02,1.088561639189720154e-01
3.186860680580139160e-01,1.266080439090728760e-01,8.321801573038101196e-02,1.088600158691406250e-01
3.186247646808624268e-01,1.264808177947998047e-01,8.303901553153991699e-02,1.091049313545227051e-01
3.185289800167083740e-01,1.259675174951553345e-01,8.339810371398925781e-02,1.091633588075637817e-01
3.184734880924224854e-01,1.256567388772964478e-01,8.378060907125473022e-02,1.090361401438713074e-01
3.184353709220886230e-01,1.253073960542678833e-01,8.407667279243469238e-02,1.090512871742248535e-01
3.186510801315307617e-01,1.252824068069458008e-01,8.455202728509902954e-02,1.088166534900665283e-01
3.184646964073181152e-01,1.253212094306945801e-01,8.408845961093902588e-02,1.090550348162651062e-01
3.184154629707336426e-01,1.252796798944473267e-01,8.407840132713317871e-02,1.090573742985725403e-01
3.184154629707336426e-01,1.252796798944473267e-01,8.407840132713317871e-02,1.090573742985725403e-01
3.184443116188049316e-01,1.253604143857955933e-01,8.413381874561309814e-02,1.089500859379768372e-01
3.184189498424530029e-01,1.252833306789398193e-01,8.407904207706451416e-02,1.090565696358680725e-01
3.184154629707336426e-01,1.252796798944473267e-01,8.407840132713317871e-02,1.090573742985725403e-01
3.184154629707336426e-01,1.252796798944473267e-01,8.407840132713317871e-02,1.090573742985725403e-01
3.184154629707336426e-01,1.252796798944473267e-01,8.407840132713317871e-02,1.090573742985725403e-01
3.184154629707336426e-01,1.252796798944473267e-01,8.407840132713317871e-02,1.090573742985725403e-01
3.184154629707336426e-01,1.252796798944473267e-01,8.407840132713317871e-02,1.090573742985725403e-01
3.184189498424530029e-01,1.252833306789398193e-01,8.407904207706451416e-02,1.090565696358680725e-01
3.184154629707336426e-01,1.252796798944473267e-01,8.407840132713317871e-02,1.090573742985725403e-01
3.200384974479675293e-01,1.235110983252525330e-01,9.039123356342315674e-02,1.061361581087112427e-01
3.185100257396697998e-01,1.252159774303436279e-01,8.448147028684616089e-02,1.088125631213188171e-01
3.185688853263854980e-01,1.254476010799407959e-01,8.413153141736984253e-02,1.089897528290748596e-01
3.184189498424530029e-01,1.252833306789398193e-01,8.407904207706451416e-02,1.090565696358680725e-01
3.184154629707336426e-01,1.252796798944473267e-01,8.407840132713317871e-02,1.090573742985725403e-01
3.184154629707336426e-01,1.252796798944473267e-01,8.407840132713317871e-02,1.090573742985725403e-01
3.184189498424530029e-01,1.252833306789398193e-01,8.407904207706451416e-02,1.090565696358680725e-01
3.184154629707336426e-01,1.252796798944473267e-01,8.407840132713317871e-02,1.090573742985725403e-01
3.184154629707336426e-01,1.252796798944473267e-01,8.407840132713317871e-02,1.090573742985725403e-01
3.184189498424530029e-01,1.252833306789398193e-01,8.407904207706451416e-02,1.090565696358680725e-01
3.184154629707336426e-01,1.252796798944473267e-01,8.407840132713317871e-02,1.090573742985725403e-01
3.184154629707336426e-01,1.252796798944473267e-01,8.407840132713317871e-02,1.090573742985725403e-01
3.184189498424530029e-01,1.252833306789398193e-01,8.407904207706451416e-02,1.090565696358680725e-01
3.184154629707336426e-01,1.252796798944473267e-01,8.407840132713317871e-02,1.090573742985725403e-01
3.184154629707336426e-01,1.252796798944473267e-01,8.407840132713317871e-02,1.090573742985725403e-01
3.184189498424530029e-01,1.252833306789398193e-01,8.407904207706451416e-02,1.090565696358680725e-01
3.184154629707336426e-01,1.252796798944473267e-01,8.407840132713317871e-02,1.090573742985725403e-01
3.184154629707336426e-01,1.252796798944473267e-01,8.407840132713317871e-02,1.090573742985725403e-01
3.184189498424530029e-01,1.252833306789398193e-01,8.407904207706451416e-02,1.090565696358680725e-01
3.184154629707336426e-01,1.252796798944473267e-01,8.407840132713317871e-02,1.090573742985725403e-01
3.184154629707336426e-01,1.252796798944473267e-01,8.407840132713317871e-02,1.090573742985725403e-01
3.184189498424530029e-01,1.252833306789398193e-01,8.407904207706451416e-02,1.090565696358680725e-01
3.184154629707336426e-01,1.252796798944473267e-01,8.407840132713317871e-02,1.090573742985725403e-01
3.184154629707336426e-01,1.252796798944473267e-01,8.407840132713317871e-02,1.090573742985725403e-01
3.184154629707336426e-01,1.252796798944473267e-01,8.407840132713317871e-02,1.090573742985725403e-01
3.184154629707336426e-01,1.252796798944473267e-01,8.407840132713317871e-02,1.090573742985725403e-01
3.184154629707336426e-01,1.252796798944473267e-01,8.407840132713317871e-02,1.090573742985725403e-01
3.184154629707336426e-01,1.252796798944473267e-01,8.407840132713317871e-02,1.090573742985725403e-01
3.184154629707336426e-01,1.252796798944473267e-01,8.407840132713317871e-02,1.090573742985725403e-01
3.184154629707336426e-01,1.252796798944473267e-01,8.407840132713317871e-02,1.090573742985725403e-01
3.184154629707336426e-01,1.252796798944473267e-01,8.407840132713317871e-02,1.090573742985725403e-01
3.184154629707336426e-01,1.252796798944473267e-01,8.407840132713317871e-02,1.090573742985725403e-01
3.184154629707336426e-01,1.252796798944473267e-01,8.407840132713317871e-02,1.090573742985725403e-01
