5.273531875000000000e+05,3.366310834884643555e+00,5.273496250000000000e+05,1.723531186580657959e-01
5.271655625000000000e+05,2.865675464272499084e-02,5.271655625000000000e+05,6.484364275820553303e-04
5.272108750000000000e+05,2.904050052165985107e-01,5.272105625000000000e+05,2.033362397924065590e-03
5.272290625000000000e+05,2.793524861335754395e-01,5.272288125000000000e+05,1.513770781457424164e-03
5.271901250000000000e+05,1.514903306961059570e-01,5.271900000000000000e+05,1.175191835500299931e-03
5.271646875000000000e+05,1.267397589981555939e-02,5.271646875000000000e+05,2.450845495332032442e-04
5.271866875000000000e+05,3.429965674877166748e-02,5.271866250000000000e+05,1.259876531548798084e-03
5.272033125000000000e+05,3.997052460908889771e-02,5.272032500000000000e+05,1.974557992070913315e-03
5.271799375000000000e+05,4.659449215978384018e-03,5.271799375000000000e+05,2.617569989524781704e-04
5.271423125000000000e+05,2.517559826374053955e-01,5.271420625000000000e+05,1.567107066512107849e-02
5.271052500000000000e+05,1.206116318702697754e+00,5.271040000000000000e+05,8.830796927213668823e-02
5.270415625000000000e+05,4.045068740844726562e+00,5.270371250000000000e+05,3.723288476467132568e-01
5.268982500000000000e+05,1.241012954711914062e+01,5.268843125000000000e+05,1.476837635040283203e+00
5.266231875000000000e+05,3.433652114868164062e+01,5.265835000000000000e+05,5.372045516967773438e+00
5.261680625000000000e+05,8.333178710937500000e+01,5.260675000000000000e+05,1.724441337585449219e+01
5.254712500000000000e+05,1.792580413818359375e+02,5.252435000000000000e+05,4.850336456298828125e+01
5.244502500000000000e+05,3.557738342285156250e+02,5.239718437500000000e+05,1.226020507812500000e+02
5.230354375000000000e+05,6.877432861328125000e+02,5.220591875000000000e+05,2.885009460449218750e+02
5.212067500000000000e+05,1.292285278320312500e+03,5.192761875000000000e+05,6.382684326171875000e+02
5.190652812500000000e+05,2.372667968750000000e+03,5.153560000000000000e+05,1.336636230468750000e+03
5.169361250000000000e+05,4.168312988281250000e+03,5.101357187500000000e+05,2.632104736328125000e+03
5.154219687500000000e+05,6.760118164062500000e+03,5.039454687500000000e+05,4.716378417968750000e+03
5.152134062500000000e+05,1.003882031250000000e+04,4.977919687500000000e+05,7.382623535156250000e+03
5.142985625000000000e+05,1.097620312500000000e+04,4.935346250000000000e+05,9.787765625000000000e+03
5.118898750000000000e+05,9.241260742187500000e+03,4.914395312500000000e+05,1.120908496093750000e+04
5.092295937500000000e+05,6.818170898437500000e+03,4.905802812500000000e+05,1.183115234375000000e+04
5.070336250000000000e+05,4.833075195312500000e+03,4.901887187500000000e+05,1.201185156250000000e+04
5.051925000000000000e+05,3.431741699218750000e+03,4.895500625000000000e+05,1.221070214843750000e+04
5.033562500000000000e+05,2.485058349609375000e+03,4.879400000000000000e+05,1.293119726562500000e+04
5.013076875000000000e+05,1.911765869140625000e+03,4.847634375000000000e+05,1.463246582031250000e+04
4.990737812500000000e+05,1.645353881835937500e+03,4.796807187500000000e+05,1.774773242187500000e+04
4.969126875000000000e+05,1.551352294921875000e+03,4.727792500000000000e+05,2.258209765625000000e+04
4.950536562500000000e+05,1.450783935546875000e+03,4.649537187500000000e+05,2.864916601562500000e+04
4.933295312500000000e+05,1.247942016601562500e+03,4.580234375000000000e+05,3.405816796875000000e+04
4.913970000000000000e+05,9.978063354492187500e+02,4.537555312500000000e+05,3.664364062500000000e+04
4.893623125000000000e+05,7.342998657226562500e+02,4.520305937500000000e+05,3.659739062500000000e+04
4.873886562500000000e+05,4.500111999511718750e+02,4.513575625000000000e+05,3.558108203125000000e+04
4.854172812500000000e+05,2.589151611328125000e+02,4.502517187500000000e+05,3.490666406250000000e+04
4.834020937500000000e+05,2.212258453369140625e+02,4.481232187500000000e+05,3.505765234375000000e+04
4.814450312500000000e+05,3.079169311523437500e+02,4.451933750000000000e+05,3.594376171875000000e+04
4.796009375000000000e+05,4.577874755859375000e+02,4.419774062500000000e+05,3.716574218750000000e+04
4.776881875000000000e+05,5.603011474609375000e+02,4.389558750000000000e+05,3.817200390625000000e+04
4.756006250000000000e+05,5.885136108398437500e+02,4.363940000000000000e+05,3.861812500000000000e+04
4.734648125000000000e+05,6.355582275390625000e+02,4.341771250000000000e+05,3.865212109375000000e+04
4.713845000000000000e+05,7.650053710937500000e+02,4.317080625000000000e+05,3.891144140625000000e+04
4.693630312500000000e+05,9.519753417968750000e+02,4.281988437500000000e+05,4.021222656250000000e+04
4.674175000000000000e+05,1.090823486328125000e+03,4.235193750000000000e+05,4.280732031250000000e+04
4.657172187500000000e+05,1.306411987304687500e+03,4.190405312500000000e+05,4.537028906250000000e+04
4.643620312500000000e+05,1.700365112304687500e+03,4.165545625000000000e+05,4.610708203125000000e+04
4.634828125000000000e+05,2.145806884765625000e+03,4.154445312500000000e+05,4.589247265625000000e+04
4.631706562500000000e+05,2.851936767578125000e+03,4.151593437500000000e+05,4.515937500000000000e+04
4.630136875000000000e+05,3.772778808593750000e+03,4.133841875000000000e+05,4.585672656250000000e+04
4.624717500000000000e+05,4.645679687500000000e+03,4.106195000000000000e+05,4.720655468750000000e+04
4.613340000000000000e+05,5.371441894531250000e+03,4.077043125000000000e+05,4.825823828125000000e+04
4.597691562500000000e+05,5.534679199218750000e+03,4.072850937500000000e+05,4.694937109375000000e+04
4.582507500000000000e+05,6.260884277343750000e+03,4.045963437500000000e+05,4.739352343750000000e+04
4.564983125000000000e+05,5.800655761718750000e+03,4.063885312500000000e+05,4.430914062500000000e+04
4.548191562500000000e+05,5.902753906250000000e+03,4.038158750000000000e+05,4.510053906250000000e+04
4.537229375000000000e+05,6.523166503906250000e+03,3.993699375000000000e+05,4.782985546875000000e+04
4.523219375000000000e+05,6.608952636718750000e+03,3.978009375000000000e+05,4.791205078125000000e+04
4.513309062500000000e+05,7.075092773437500000e+03,3.966035000000000000e+05,4.765231640625000000e+04
4.498907500000000000e+05,7.087905273437500000e+03,3.939347812500000000e+05,4.886807421875000000e+04
4.485662812500000000e+05,7.399569335937500000e+03,3.918262812500000000e+05,4.934044140625000000e+04
4.467714375000000000e+05,7.562604492187500000e+03,3.909807187500000000e+05,4.822810937500000000e+04
4.448388750000000000e+05,8.053227539062500000e+03,3.880910625000000000e+05,4.869459765625000000e+04
4.423980937500000000e+05,8.628162109375000000e+03,3.823528125000000000e+05,5.141713281250000000e+04
4.396272812500000000e+05,9.204570312500000000e+03,3.778620000000000000e+05,5.256072265625000000e+04
4.364901250000000000e+05,9.523525390625000000e+03,3.751421875000000000e+05,5.182442187500000000e+04
4.326788125000000000e+05,1.003839843750000000e+04,3.693631875000000000e+05,5.327720703125000000e+04
4.284161875000000000e+05,1.052121582031250000e+04,3.635716250000000000e+05,5.432333203125000000e+04
4.234655625000000000e+05,1.007942675781250000e+04,3.591552500000000000e+05,5.423086328125000000e+04
4.175865312500000000e+05,1.140675781250000000e+04,3.485736562500000000e+05,5.760612500000000000e+04
4.107397187500000000e+05,9.568271484375000000e+03,3.441355625000000000e+05,5.703587890625000000e+04
4.030746250000000000e+05,1.310352929687500000e+04,3.292709375000000000e+05,6.070016796875000000e+04
3.942272500000000000e+05,9.724714843750000000e+03,3.256055312500000000e+05,5.889698828125000000e+04
3.831032187500000000e+05,1.556091308593750000e+04,3.053553125000000000e+05,6.218700390625000000e+04
3.692157187500000000e+05,1.170393750000000000e+04,2.947746250000000000e+05,6.273716015625000000e+04
3.539246875000000000e+05,1.560910742187500000e+04,2.717955937500000000e+05,6.652001562500000000e+04
3.368982500000000000e+05,1.750733593750000000e+04,2.491336718750000000e+05,7.025725000000000000e+04
3.178828750000000000e+05,1.681306445312500000e+04,2.279932968750000000e+05,7.307650781250000000e+04
3.127235312500000000e+05,4.247839062500000000e+04,1.955640000000000000e+05,7.468113281250000000e+04
3.457434687500000000e+05,6.745562500000000000e+04,2.058081250000000000e+05,7.247972656250000000e+04
2.608504843750000000e+05,2.209579101562500000e+04,1.725225937500000000e+05,6.623209375000000000e+04
3.053223750000000000e+05,8.883616406250000000e+04,1.461808437500000000e+05,7.030539062500000000e+04
2.251297656250000000e+05,1.515766699218750000e+04,1.526755000000000000e+05,5.729659765625000000e+04
2.720557500000000000e+05,6.912747656250000000e+04,1.472610000000000000e+05,5.566728125000000000e+04
1.908924843750000000e+05,1.208533886718750000e+04,1.169636328125000000e+05,6.184351953125000000e+04
2.412505312500000000e+05,7.449404687500000000e+04,9.549582812500000000e+04,7.126064843750000000e+04
1.646253281250000000e+05,7.133497070312500000e+03,9.622277343750000000e+04,6.126905468750000000e+04
2.147648281250000000e+05,6.083023828125000000e+04,9.637507812500000000e+04,5.755951171875000000e+04
1.399738750000000000e+05,6.900949218750000000e+03,7.799121875000000000e+04,5.508171093750000000e+04
1.863413906250000000e+05,6.588114062500000000e+04,5.719571093750000000e+04,6.326454296875000000e+04
1.140152656250000000e+05,7.034320800781250000e+03,5.225870703125000000e+04,5.472224218750000000e+04
1.634022812500000000e+05,5.248193359375000000e+04,4.627229687500000000e+04,6.464803906250000000e+04
1.009424375000000000e+05,1.391073339843750000e+04,2.875618554687500000e+04,5.827552343750000000e+04
1.415642187500000000e+05,6.574040625000000000e+04,2.164231640625000000e+04,5.418150781250000000e+04
9.772898437500000000e+04,1.606891308593750000e+04,3.136794335937500000e+04,5.029212500000000000e+04
1.209287812500000000e+05,3.768560156250000000e+04,2.985473632812500000e+04,5.338844140625000000e+04
9.630287500000000000e+04,2.462906640625000000e+04,1.545014941406250000e+04,5.622366015625000000e+04
9.710575000000000000e+04,3.080378320312500000e+04,1.334633691406250000e+04,5.295563281250000000e+04
8.996724218750000000e+04,1.983558398437500000e+04,1.968080859375000000e+04,5.045085156250000000e+04
8.005189062500000000e+04,1.709054101562500000e+04,1.823758007812500000e+04,4.472377343750000000e+04
8.059175000000000000e+04,2.282077734375000000e+04,1.249902636718750000e+04,4.527194140625000000e+04
7.034666406250000000e+04,1.424085742187500000e+04,1.385162988281250000e+04,4.225417578125000000e+04
7.022471093750000000e+04,1.383083203125000000e+04,2.054420703125000000e+04,3.584967187500000000e+04
6.502401562500000000e+04,9.672064453125000000e+03,2.097320703125000000e+04,3.437874609375000000e+04
6.180276953125000000e+04,1.163652636718750000e+04,1.593652539062500000e+04,3.422971875000000000e+04
5.970527734375000000e+04,1.223581542968750000e+04,1.482950000000000000e+04,3.263996093750000000e+04
5.400625390625000000e+04,8.352529296875000000e+03,1.773203320312500000e+04,2.792169140625000000e+04
5.572148437500000000e+04,1.193587597656250000e+04,1.785775976562500000e+04,2.592784765625000000e+04
4.764915625000000000e+04,7.142001953125000000e+03,1.398905175781250000e+04,2.651810156250000000e+04
5.032930859375000000e+04,1.111806250000000000e+04,1.309949609375000000e+04,2.611175000000000000e+04
4.268300000000000000e+04,4.333205078125000000e+03,1.554516210937500000e+04,2.280463281250000000e+04
4.498700000000000000e+04,8.220862304687500000e+03,1.492944824218750000e+04,2.183668750000000000e+04
3.796735937500000000e+04,4.557721191406250000e+03,1.089362109375000000e+04,2.251601953125000000e+04
3.961491015625000000e+04,8.337367187500000000e+03,9.995230468750000000e+03,2.128231250000000000e+04
3.502818750000000000e+04,5.851573730468750000e+03,1.225859765625000000e+04,1.691801562500000000e+04
3.411410937500000000e+04,6.165832519531250000e+03,1.141114746093750000e+04,1.653713085937500000e+04
3.174094921875000000e+04,5.395540039062500000e+03,8.252012695312500000e+03,1.809339648437500000e+04
2.839872460937500000e+04,4.240179199218750000e+03,8.313493164062500000e+03,1.584505273437500000e+04
2.844778320312500000e+04,5.653045410156250000e+03,1.038232910156250000e+04,1.241240820312500000e+04
2.316407421875000000e+04,3.216231689453125000e+03,8.568253906250000000e+03,1.137958984375000000e+04
2.510927929687500000e+04,6.275760253906250000e+03,6.372268554687500000e+03,1.246125000000000000e+04
2.037866210937500000e+04,3.567843994140625000e+03,6.740569824218750000e+03,1.007024804687500000e+04
2.045783398437500000e+04,4.350796875000000000e+03,7.014739257812500000e+03,9.092297851562500000e+03
1.908790039062500000e+04,4.658998535156250000e+03,5.756240234375000000e+03,8.672662109375000000e+03
1.570612011718750000e+04,2.615715820312500000e+03,5.863877929687500000e+03,7.226526367187500000e+03
1.693652539062500000e+04,4.572497070312500000e+03,6.132543457031250000e+03,6.231484863281250000e+03
1.445793359375000000e+04,3.363763916015625000e+03,4.846546875000000000e+03,6.247622558593750000e+03
1.294654492187500000e+04,2.854788574218750000e+03,4.685502441406250000e+03,5.406254394531250000e+03
1.391952148437500000e+04,4.137986328125000000e+03,4.984434082031250000e+03,4.797102050781250000e+03
1.198156640625000000e+04,2.896670654296875000e+03,4.176857421875000000e+03,4.908038574218750000e+03
1.050737011718750000e+04,2.318989746093750000e+03,4.213125000000000000e+03,3.975255371093750000e+03
1.129925292968750000e+04,3.252921630859375000e+03,4.372468261718750000e+03,3.673863281250000000e+03
1.053151953125000000e+04,2.895738769531250000e+03,3.538355224609375000e+03,4.097425781250000000e+03
8.753064453125000000e+03,2.028393798828125000e+03,3.676929687500000000e+03,3.047740966796875000e+03
9.001355468750000000e+03,2.325435302734375000e+03,3.757934814453125000e+03,2.917984863281250000e+03
9.462249023437500000e+03,2.766032714843750000e+03,3.146201416015625000e+03,3.550014404296875000e+03
8.245387695312500000e+03,2.181887939453125000e+03,3.255521728515625000e+03,2.807977783203125000e+03
7.231088378906250000e+03,1.725823730468750000e+03,2.860875732421875000e+03,2.644389160156250000e+03
7.542117187500000000e+03,2.064420898437500000e+03,2.547036376953125000e+03,2.930659912109375000e+03
7.927775390625000000e+03,2.571206298828125000e+03,2.906146728515625000e+03,2.450422607421875000e+03
7.381639160156250000e+03,2.232007568359375000e+03,2.331611328125000000e+03,2.818020019531250000e+03
6.466967773437500000e+03,1.732662353515625000e+03,2.405354980468750000e+03,2.328950195312500000e+03
6.098144531250000000e+03,1.582009399414062500e+03,2.230130615234375000e+03,2.286004150390625000e+03
6.368496093750000000e+03,1.911493286132812500e+03,2.046602539062500000e+03,2.410400146484375000e+03
6.596994628906250000e+03,2.097162353515625000e+03,2.265797363281250000e+03,2.234034667968750000e+03
6.391110839843750000e+03,1.945630859375000000e+03,1.868565551757812500e+03,2.576914550781250000e+03
5.854286621093750000e+03,1.641353881835937500e+03,2.078891845703125000e+03,2.134041015625000000e+03
5.297628417968750000e+03,1.430955810546875000e+03,1.771841796875000000e+03,2.094830810546875000e+03
5.064200683593750000e+03,1.362670288085937500e+03,1.741179931640625000e+03,1.960350708007812500e+03
5.124809082031250000e+03,1.428927490234375000e+03,1.810475219726562500e+03,1.885406250000000000e+03
5.288707031250000000e+03,1.542488891601562500e+03,1.561064208984375000e+03,2.185154052734375000e+03
5.392908203125000000e+03,1.712236938476562500e+03,1.774642089843750000e+03,1.906029418945312500e+03
5.352869140625000000e+03,1.762393554687500000e+03,1.459830444335937500e+03,2.130645263671875000e+03
5.128747558593750000e+03,1.716335937500000000e+03,1.657207641601562500e+03,1.755204223632812500e+03
4.813290527343750000e+03,1.523818725585937500e+03,1.351142578125000000e+03,1.938329223632812500e+03
4.476151367187500000e+03,1.326890380859375000e+03,1.496675903320312500e+03,1.652584960937500000e+03
4.196019531250000000e+03,1.199227783203125000e+03,1.298441894531250000e+03,1.698349853515625000e+03
3.995592285156250000e+03,1.140363891601562500e+03,1.363624877929687500e+03,1.491603637695312500e+03
3.866732421875000000e+03,1.106517700195312500e+03,1.282654174804687500e+03,1.477560668945312500e+03
3.812759277343750000e+03,1.098691284179687500e+03,1.198030639648437500e+03,1.516037353515625000e+03
3.795183105468750000e+03,1.122841552734375000e+03,1.295917846679687500e+03,1.376423950195312500e+03
3.819785400390625000e+03,1.172003051757812500e+03,1.142020385742187500e+03,1.505761962890625000e+03
3.879543945312500000e+03,1.270308349609375000e+03,1.316364257812500000e+03,1.292871215820312500e+03
3.986995605468750000e+03,1.375559326171875000e+03,1.068640380859375000e+03,1.542795776367187500e+03
4.155513671875000000e+03,1.540490966796875000e+03,1.334165649414062500e+03,1.280857055664062500e+03
4.424885253906250000e+03,1.687487792968750000e+03,1.028542114257812500e+03,1.708855346679687500e+03
4.786635742187500000e+03,1.979986206054687500e+03,1.444706420898437500e+03,1.361942871093750000e+03
5.296936523437500000e+03,2.303592041015625000e+03,1.031464843750000000e+03,1.961879394531250000e+03
5.769282714843750000e+03,2.733822265625000000e+03,1.492078369140625000e+03,1.543382324218750000e+03
6.193174804687500000e+03,3.151697509765625000e+03,9.873632812500000000e+02,2.054114257812500000e+03
6.152454101562500000e+03,3.299957031250000000e+03,1.454983520507812500e+03,1.397513793945312500e+03
5.656103515625000000e+03,2.971356201171875000e+03,9.279140014648437500e+02,1.756833129882812500e+03
4.627089843750000000e+03,2.253476318359375000e+03,1.284524169921875000e+03,1.089089599609375000e+03
3.552637695312500000e+03,1.452077636718750000e+03,9.104297485351562500e+02,1.190130371093750000e+03
2.827517089843750000e+03,9.562226562500000000e+02,1.063185302734375000e+03,8.081091918945312500e+02
2.675088378906250000e+03,8.810765991210937500e+02,9.993934326171875000e+02,7.946182861328125000e+02
2.988357666015625000e+03,1.115062866210937500e+03,8.943486938476562500e+02,9.789461059570312500e+02
3.481841552734375000e+03,1.488013305664062500e+03,1.152107299804687500e+03,8.417208862304687500e+02
3.876735351562500000e+03,1.779232055664062500e+03,8.463155517578125000e+02,1.251187744140625000e+03
3.949847167968750000e+03,1.901748413085937500e+03,1.174736083984375000e+03,8.733629150390625000e+02
3.726294189453125000e+03,1.779957397460937500e+03,8.316375122070312500e+02,1.114699218750000000e+03
3.267154541015625000e+03,1.469159301757812500e+03,1.048760620117187500e+03,7.492346191406250000e+02
2.785401855468750000e+03,1.117118896484375000e+03,8.359426879882812500e+02,8.323404541015625000e+02
2.425595214843750000e+03,8.604178466796875000e+02,9.370038452148437500e+02,6.281737060546875000e+02
2.265111083984375000e+03,7.585462646484375000e+02,8.652971801757812500e+02,6.412675781250000000e+02
2.286919677734375000e+03,7.969989624023437500e+02,8.402324829101562500e+02,6.496882324218750000e+02
2.431315917968750000e+03,9.187252807617187500e+02,9.137625732421875000e+02,5.988281250000000000e+02
2.639258056640625000e+03,1.079203613281250000e+03,7.893942260742187500e+02,7.706600952148437500e+02
2.859666992187500000e+03,1.255385986328125000e+03,9.628100585937500000e+02,6.414710083007812500e+02
3.083031250000000000e+03,1.446464111328125000e+03,7.627776489257812500e+02,8.737895507812500000e+02
3.278202636718750000e+03,1.627464233398437500e+03,9.646791992187500000e+02,6.860591430664062500e+02
3.471105712890625000e+03,1.792118896484375000e+03,7.388905639648437500e+02,9.400961914062500000e+02
3.614784179687500000e+03,1.921667968750000000e+03,9.757329101562500000e+02,7.173832397460937500e+02
3.746322021484375000e+03,2.009391601562500000e+03,7.171406860351562500e+02,1.019789855957031250e+03
3.787979248046875000e+03,2.050687500000000000e+03,9.836437988281250000e+02,7.536478881835937500e+02
3.781780761718750000e+03,2.052593261718750000e+03,6.897265014648437500e+02,1.039461059570312500e+03
3.640880615234375000e+03,1.980326171875000000e+03,9.571950073242187500e+02,7.033593750000000000e+02
3.427943359375000000e+03,1.833492553710937500e+03,6.637890625000000000e+02,9.306616821289062500e+02
3.107778076171875000e+03,1.607459106445312500e+03,8.909646606445312500e+02,6.093543090820312500e+02
2.763542236328125000e+03,1.342725097656250000e+03,6.468126831054687500e+02,7.740044555664062500e+02
4.069378240000000000e+08,3.887386560000000000e+08,3.569259500000000000e+06,1.462993500000000000e+07
1.954095947265625000e+03,6.509453735351562500e+02,6.750181274414062500e+02,6.281324462890625000e+02
1.895019775390625000e+03,6.295360717773437500e+02,6.878173217773437500e+02,5.776664428710937500e+02
1.863845947265625000e+03,6.264480590820312500e+02,6.977069702148437500e+02,5.396909179687500000e+02
1.823342529296875000e+03,6.162473144531250000e+02,7.187764282226562500e+02,4.883188476562500000e+02
1.814327148437500000e+03,6.128968505859375000e+02,7.172198486328125000e+02,4.842104187011718750e+02
1.812033203125000000e+03,6.117344970703125000e+02,7.144479370117187500e+02,4.858508911132812500e+02
1.810099243164062500e+03,6.102669067382812500e+02,7.121028442382812500e+02,4.877294616699218750e+02
1.804886230468750000e+03,6.070405273437500000e+02,7.079963989257812500e+02,4.898494262695312500e+02
1.794609375000000000e+03,6.036995849609375000e+02,7.018750000000000000e+02,4.890347595214843750e+02
1.774958618164062500e+03,5.974380493164062500e+02,6.881794433593750000e+02,4.893412170410156250e+02
1.744266723632812500e+03,5.916835327148437500e+02,6.698341064453125000e+02,4.827491760253906250e+02
1.755506958007812500e+03,6.283096313476562500e+02,6.846408081054687500e+02,4.425565185546875000e+02
1.726235473632812500e+03,5.926857910156250000e+02,6.735954589843750000e+02,4.599542541503906250e+02
1.689245727539062500e+03,5.662532348632812500e+02,6.701455078125000000e+02,4.528470764160156250e+02
1.649517578125000000e+03,5.302875366210937500e+02,6.783302001953125000e+02,4.408999633789062500e+02
1.621033691406250000e+03,5.059081726074218750e+02,6.783705444335937500e+02,4.367549743652343750e+02
1.579216064453125000e+03,4.888208312988281250e+02,6.658778686523437500e+02,4.245173034667968750e+02
1.545816894531250000e+03,4.857556762695312500e+02,6.388131103515625000e+02,4.212481079101562500e+02
1.500766723632812500e+03,4.792792358398437500e+02,6.022650756835937500e+02,4.192223815917968750e+02
1.434857910156250000e+03,4.693865051269531250e+02,5.600609741210937500e+02,4.054104003906250000e+02
1.350968994140625000e+03,4.470087890625000000e+02,5.118937683105468750e+02,3.920664062500000000e+02
1.278252685546875000e+03,4.198576354980468750e+02,4.828827209472656250e+02,3.755122985839843750e+02
1.222262695312500000e+03,3.941620178222656250e+02,4.638363037109375000e+02,3.642643432617187500e+02
1.178320678710937500e+03,3.829613647460937500e+02,4.394631652832031250e+02,3.558961181640625000e+02
1.155882446289062500e+03,3.837254943847656250e+02,4.250952758789062500e+02,3.470616760253906250e+02
1.128419799804687500e+03,3.767190246582031250e+02,4.163589172363281250e+02,3.353418579101562500e+02
1.005507812500000000e+03,3.372898864746093750e+02,3.737090454101562500e+02,2.945089111328125000e+02
8.367926635742187500e+02,2.898816833496093750e+02,3.125044860839843750e+02,2.344065093994140625e+02
6.583854980468750000e+02,2.520811157226562500e+02,2.107851104736328125e+02,1.955193176269531250e+02
5.915019531250000000e+02,2.582363891601562500e+02,1.564847412109375000e+02,1.767808380126953125e+02
5.630757446289062500e+02,2.195581207275390625e+02,2.038705749511718750e+02,1.396470336914062500e+02
5.326937255859375000e+02,2.113413085937500000e+02,1.711732788085937500e+02,1.501791687011718750e+02
5.240712280273437500e+02,2.153802337646484375e+02,1.591575012207031250e+02,1.495334930419921875e+02
5.082178649902343750e+02,2.250297698974609375e+02,1.394046173095703125e+02,1.437834777832031250e+02
4.915014038085937500e+02,2.293691864013671875e+02,1.283634033203125000e+02,1.337688140869140625e+02
4.607439880371093750e+02,2.316492614746093750e+02,1.087554016113281250e+02,1.203393249511718750e+02
4.475639648437500000e+02,2.332205963134765625e+02,1.010398254394531250e+02,1.133035354614257812e+02
4.435808715820312500e+02,2.395556640625000000e+02,9.164689636230468750e+01,1.123783035278320312e+02
4.392194824218750000e+02,2.363492279052734375e+02,9.135710144042968750e+01,1.115131454467773438e+02
4.346085510253906250e+02,2.315203399658203125e+02,9.173088073730468750e+01,1.113573303222656250e+02
4.269546508789062500e+02,2.222754974365234375e+02,9.450233459472656250e+01,1.101768341064453125e+02
4.095646057128906250e+02,2.009108123779296875e+02,1.021410140991210938e+02,1.065127944946289062e+02
3.895801086425781250e+02,1.745081634521484375e+02,1.121366500854492188e+02,1.029352951049804688e+02
3.722121582031250000e+02,1.540841674804687500e+02,1.163555450439453125e+02,1.017724609375000000e+02
3.533075866699218750e+02,1.403133850097656250e+02,1.104371032714843750e+02,1.025570983886718750e+02
3.280050964355468750e+02,1.311297607421875000e+02,9.344483947753906250e+01,1.034305038452148438e+02
3.000566711425781250e+02,1.248051147460937500e+02,7.358655548095703125e+01,1.016650161743164062e+02
2.879328002929687500e+02,1.214565124511718750e+02,7.031848144531250000e+01,9.615782165527343750e+01
2.819063720703125000e+02,1.189631423950195312e+02,7.238509368896484375e+01,9.055812835693359375e+01
2.763879699707031250e+02,1.178312606811523438e+02,7.128470611572265625e+01,8.727199554443359375e+01
2.594032592773437500e+02,1.071494369506835938e+02,7.052259826660156250e+01,8.173123931884765625e+01
2.496642456054687500e+02,1.103551025390625000e+02,5.696423339843750000e+01,8.234490966796875000e+01
2.462698669433593750e+02,1.055694732666015625e+02,5.774495697021484375e+01,8.295545196533203125e+01
2.438191528320312500e+02,1.046179046630859375e+02,5.615514755249023438e+01,8.304610443115234375e+01
2.434155883789062500e+02,1.040258636474609375e+02,5.517318344116210938e+01,8.421653747558593750e+01
2.429518890380859375e+02,1.030104904174804688e+02,5.511420440673828125e+01,8.482719421386718750e+01
2.419423217773437500e+02,1.009830932617187500e+02,5.560153579711914062e+01,8.535768890380859375e+01
2.395996398925781250e+02,9.850888824462890625e+01,5.616016387939453125e+01,8.493058776855468750e+01
2.324012145996093750e+02,9.310742950439453125e+01,5.800894165039062500e+01,8.128485870361328125e+01
2.402835693359375000e+02,1.069439849853515625e+02,5.962488937377929688e+01,7.371468353271484375e+01
2.288164978027343750e+02,9.288558959960937500e+01,5.785719680786132812e+01,7.807372283935546875e+01
2.180702209472656250e+02,8.856063079833984375e+01,5.729533004760742188e+01,7.221427154541015625e+01
1.854400329589843750e+02,7.790860748291015625e+01,5.038380813598632812e+01,5.714762115478515625e+01
1.653105468750000000e+02,7.115164184570312500e+01,4.361977767944335938e+01,5.053911972045898438e+01
1.499620056152343750e+02,6.955912780761718750e+01,3.385509872436523438e+01,4.654776763916015625e+01
1.592189025878906250e+02,8.635197448730468750e+01,3.096595191955566406e+01,4.190098571777343750e+01
1.473792266845703125e+02,7.105670166015625000e+01,3.264443206787109375e+01,4.367809677124023438e+01
1.436397705078125000e+02,7.250015258789062500e+01,2.787771797180175781e+01,4.326190948486328125e+01
1.421083374023437500e+02,7.218158721923828125e+01,2.685229873657226562e+01,4.307444000244140625e+01
1.403790435791015625e+02,7.147306823730468750e+01,2.484044456481933594e+01,4.406553268432617188e+01
1.360750579833984375e+02,6.767718505859375000e+01,2.303642463684082031e+01,4.536145019531250000e+01
1.312554779052734375e+02,6.251823043823242188e+01,2.108106040954589844e+01,4.765618896484375000e+01
1.196801147460937500e+02,5.213191604614257812e+01,1.830963897705078125e+01,4.923855972290039062e+01
1.088910369873046875e+02,4.456531524658203125e+01,1.589864730834960938e+01,4.842707824707031250e+01
1.029518127441406250e+02,4.344413757324218750e+01,1.265506744384765625e+01,4.685260772705078125e+01
9.724864196777343750e+01,4.162975311279296875e+01,1.310961246490478516e+01,4.250927734375000000e+01
9.586859130859375000e+01,4.208124542236328125e+01,1.261822223663330078e+01,4.116912841796875000e+01
9.519949340820312500e+01,4.227532958984375000e+01,1.264781856536865234e+01,4.027634811401367188e+01
9.222969818115234375e+01,4.275539398193359375e+01,1.236847686767578125e+01,3.710582733154296875e+01
8.717092895507812500e+01,4.383378982543945312e+01,1.203918075561523438e+01,3.129795455932617188e+01
7.812530517578125000e+01,4.311663055419921875e+01,1.145926856994628906e+01,2.354941177368164062e+01
6.918001556396484375e+01,4.195486450195312500e+01,9.969554901123046875e+00,1.725559425354003906e+01
7.044889068603515625e+01,4.453759384155273438e+01,1.149188041687011719e+01,1.441941738128662109e+01
6.708351135253906250e+01,4.126862716674804688e+01,1.035344123840332031e+01,1.546143722534179688e+01
6.505075073242187500e+01,3.996422958374023438e+01,1.056264781951904297e+01,1.452387142181396484e+01
6.473817443847656250e+01,3.946815109252929688e+01,1.049640178680419922e+01,1.477362346649169922e+01
6.461312866210937500e+01,3.872560501098632812e+01,1.072189140319824219e+01,1.516563606262207031e+01
6.449664306640625000e+01,3.842284774780273438e+01,1.077695274353027344e+01,1.529684638977050781e+01
6.431846618652343750e+01,3.805981445312500000e+01,1.086067962646484375e+01,1.539797306060791016e+01
6.415882110595703125e+01,3.790171051025390625e+01,1.085744571685791016e+01,1.539966392517089844e+01
6.362611007690429688e+01,3.742190551757812500e+01,1.078655815124511719e+01,1.541764354705810547e+01
6.249557113647460938e+01,3.648715972900390625e+01,1.063363838195800781e+01,1.537477493286132812e+01
5.957903671264648438e+01,3.407261276245117188e+01,1.024051856994628906e+01,1.526590347290039062e+01
5.493848419189453125e+01,3.089767074584960938e+01,1.015637779235839844e+01,1.388443565368652344e+01
8.134969329833984375e+01,4.439598464965820312e+01,1.188976287841796875e+01,2.506394386291503906e+01
5.241355895996093750e+01,2.855136489868164062e+01,9.246512413024902344e+00,1.461568164825439453e+01
4.698384475708007812e+01,2.582365989685058594e+01,9.129785537719726562e+00,1.203040027618408203e+01
4.174972152709960938e+01,2.280103492736816406e+01,9.071478843688964844e+00,9.877208709716796875e+00
4.121768188476562500e+01,2.222745895385742188e+01,9.315488815307617188e+00,9.674733161926269531e+00
4.110042572021484375e+01,2.193160057067871094e+01,9.510827064514160156e+00,9.657999038696289062e+00
4.102006149291992188e+01,2.176923942565917969e+01,9.613686561584472656e+00,9.637133598327636719e+00
4.098733901977539062e+01,2.164247322082519531e+01,9.680708885192871094e+00,9.664158821105957031e+00
4.093473052978515625e+01,2.155359840393066406e+01,9.659175872802734375e+00,9.721957206726074219e+00
4.086248397827148438e+01,2.144734382629394531e+01,9.623982429504394531e+00,9.791155815124511719e+00
4.053115463256835938e+01,2.102920532226562500e+01,9.512732505798339844e+00,9.989215850830078125e+00
3.985545349121093750e+01,2.027178955078125000e+01,9.333032608032226562e+00,1.025063037872314453e+01
3.834804534912109375e+01,1.847134208679199219e+01,9.145517349243164062e+00,1.073118495941162109e+01
3.613996505737304688e+01,1.671116447448730469e+01,8.902060508728027344e+00,1.052674007415771484e+01
4.498690795898437500e+01,1.454064846038818359e+01,1.325238609313964844e+01,1.719387245178222656e+01
3.440919494628906250e+01,1.379359912872314453e+01,9.238965034484863281e+00,1.137663269042968750e+01
3.129205131530761719e+01,1.206048774719238281e+01,8.287351608276367188e+00,1.094421195983886719e+01
2.946490097045898438e+01,1.065569686889648438e+01,7.527263641357421875e+00,1.128194046020507812e+01
2.932044219970703125e+01,1.026632118225097656e+01,7.489068508148193359e+00,1.156505298614501953e+01
2.918771171569824219e+01,1.017030811309814453e+01,7.461261749267578125e+00,1.155614280700683594e+01
2.917136192321777344e+01,1.008371829986572266e+01,7.477547168731689453e+00,1.161009597778320312e+01
2.916387176513671875e+01,1.003295803070068359e+01,7.470941543579101562e+00,1.165997219085693359e+01
2.916100311279296875e+01,1.002067852020263672e+01,7.468428134918212891e+00,1.167189502716064453e+01
2.914953613281250000e+01,9.990553855895996094e+00,7.461577415466308594e+00,1.169740581512451172e+01
2.912854385375976562e+01,9.945053100585937500e+00,7.452886104583740234e+00,1.173060512542724609e+01
2.908163833618164062e+01,9.860128402709960938e+00,7.441450119018554688e+00,1.178005886077880859e+01
2.896706771850585938e+01,9.690770149230957031e+00,7.433848381042480469e+00,1.184244823455810547e+01
2.932123184204101562e+01,9.718581199645996094e+00,7.456474304199218750e+00,1.214617538452148438e+01
2.890205764770507812e+01,9.559123039245605469e+00,7.434595584869384766e+00,1.190833759307861328e+01
2.864491271972656250e+01,9.278416633605957031e+00,7.452850818634033203e+00,1.191364383697509766e+01
2.804864692687988281e+01,8.710240364074707031e+00,7.505135059356689453e+00,1.183327102661132812e+01
2.711157035827636719e+01,7.930316448211669922e+00,7.567860126495361328e+00,1.161339378356933594e+01
2.601136589050292969e+01,6.872179985046386719e+00,7.872007846832275391e+00,1.126717758178710938e+01
2.513822746276855469e+01,6.158092021942138672e+00,8.061735153198242188e+00,1.091839981079101562e+01
2.434073257446289062e+01,5.136669635772705078e+00,8.389981269836425781e+00,1.081408119201660156e+01
2.400953483581542969e+01,4.896092414855957031e+00,8.347065925598144531e+00,1.076637649536132812e+01
2.390222930908203125e+01,4.932660102844238281e+00,8.276329040527343750e+00,1.069324111938476562e+01
2.390763092041015625e+01,4.898689746856689453e+00,8.275219917297363281e+00,1.073371982574462891e+01
2.388825416564941406e+01,4.909789085388183594e+00,8.273407936096191406e+00,1.070505714416503906e+01
2.387253189086914062e+01,4.923675060272216797e+00,8.239705085754394531e+00,1.070915126800537109e+01
2.385239791870117188e+01,4.962995052337646484e+00,8.192284584045410156e+00,1.069711875915527344e+01
2.384333419799804688e+01,4.985788822174072266e+00,8.165313720703125000e+00,1.069223213195800781e+01
2.382392692565917969e+01,5.017702579498291016e+00,8.128614425659179688e+00,1.067761039733886719e+01
2.379421997070312500e+01,5.021119117736816406e+00,8.100909233093261719e+00,1.067219066619873047e+01
2.373581314086914062e+01,5.034823417663574219e+00,8.070598602294921875e+00,1.063039016723632812e+01
2.364574432373046875e+01,4.963035106658935547e+00,8.055674552917480469e+00,1.062703609466552734e+01
2.348104095458984375e+01,4.843201637268066406e+00,8.054819107055664062e+00,1.058302116394042969e+01
2.320179367065429688e+01,4.620045661926269531e+00,8.027862548828125000e+00,1.055388545989990234e+01
2.273501968383789062e+01,4.231019496917724609e+00,7.908913135528564453e+00,1.059508800506591797e+01
2.250189208984375000e+01,4.039790153503417969e+00,7.760731697082519531e+00,1.070137119293212891e+01
2.240042114257812500e+01,3.909229278564453125e+00,7.707805633544921875e+00,1.078338527679443359e+01
2.237339019775390625e+01,3.926507472991943359e+00,7.654682159423828125e+00,1.079220008850097656e+01
2.236252975463867188e+01,3.932121753692626953e+00,7.636936187744140625e+00,1.079347324371337891e+01
2.235824966430664062e+01,3.938519001007080078e+00,7.629292488098144531e+00,1.079043674468994141e+01
2.235385513305664062e+01,3.938624143600463867e+00,7.624670505523681641e+00,1.079055976867675781e+01
2.233982467651367188e+01,3.935488224029541016e+00,7.618013381958007812e+00,1.078632354736328125e+01
2.231842231750488281e+01,3.905281543731689453e+00,7.627348899841308594e+00,1.078579139709472656e+01
2.228542709350585938e+01,3.871657133102416992e+00,7.632331371307373047e+00,1.078143787384033203e+01
2.215554428100585938e+01,3.730750322341918945e+00,7.685523033142089844e+00,1.073927211761474609e+01
2.198920822143554688e+01,3.579004526138305664e+00,7.776542663574218750e+00,1.063366222381591797e+01
2.294679641723632812e+01,4.648441314697265625e+00,8.059653282165527344e+00,1.023870086669921875e+01
2.191594314575195312e+01,3.577655076980590820e+00,7.824635028839111328e+00,1.051365280151367188e+01
2.154598617553710938e+01,3.273050308227539062e+00,8.042594909667968750e+00,1.023034000396728516e+01
2.116357803344726562e+01,3.007579326629638672e+00,8.361002922058105469e+00,9.794995307922363281e+00
2.092846679687500000e+01,2.925770521163940430e+00,8.567535400390625000e+00,9.435161590576171875e+00
2.091732788085937500e+01,3.011671543121337891e+00,8.700424194335937500e+00,9.205231666564941406e+00
2.083654785156250000e+01,2.956695079803466797e+00,8.610660552978515625e+00,9.269191741943359375e+00
2.083324432373046875e+01,2.940368413925170898e+00,8.608324050903320312e+00,9.284552574157714844e+00
2.083232498168945312e+01,2.938530206680297852e+00,8.608535766601562500e+00,9.285260200500488281e+00
2.083164215087890625e+01,2.935907840728759766e+00,8.614417076110839844e+00,9.281315803527832031e+00
2.082816696166992188e+01,2.930952072143554688e+00,8.615333557128906250e+00,9.281882286071777344e+00
2.081848907470703125e+01,2.918361663818359375e+00,8.616464614868164062e+00,9.283662796020507812e+00
2.080200576782226562e+01,2.902829170227050781e+00,8.612786293029785156e+00,9.286389350891113281e+00
2.075877952575683594e+01,2.872360706329345703e+00,8.588596343994140625e+00,9.297822952270507812e+00
2.080186462402343750e+01,2.846631765365600586e+00,8.613386154174804688e+00,9.341845512390136719e+00
2.072662734985351562e+01,2.838294029235839844e+00,8.583053588867187500e+00,9.305278778076171875e+00
2.061714553833007812e+01,2.791616678237915039e+00,8.499876022338867188e+00,9.325653076171875000e+00
2.035667419433593750e+01,2.668993711471557617e+00,8.308211326599121094e+00,9.379469871520996094e+00
2.007289123535156250e+01,2.668226003646850586e+00,7.999723434448242188e+00,9.404940605163574219e+00
1.989642906188964844e+01,2.581413745880126953e+00,7.812732219696044922e+00,9.502283096313476562e+00
1.972282028198242188e+01,2.547016620635986328e+00,7.824266433715820312e+00,9.351536750793457031e+00
1.964867591857910156e+01,2.583954334259033203e+00,7.983470916748046875e+00,9.081251144409179688e+00
1.949768638610839844e+01,2.382595300674438477e+00,8.097043037414550781e+00,9.018048286437988281e+00
1.943806457519531250e+01,2.363306999206542969e+00,8.031823158264160156e+00,9.042935371398925781e+00
1.944120025634765625e+01,2.364781141281127930e+00,8.006937980651855469e+00,9.069481849670410156e+00
1.942288208007812500e+01,2.351591110229492188e+00,8.017744064331054688e+00,9.053547859191894531e+00
1.940694427490234375e+01,2.345923900604248047e+00,8.022361755371093750e+00,9.038657188415527344e+00
1.940164947509765625e+01,2.343975543975830078e+00,8.014360427856445312e+00,9.043313026428222656e+00
1.939393615722656250e+01,2.329773426055908203e+00,8.009771347045898438e+00,9.054392814636230469e+00
1.938950729370117188e+01,2.315772533416748047e+00,8.016448974609375000e+00,9.057285308837890625e+00
1.938748168945312500e+01,2.305037260055541992e+00,8.025845527648925781e+00,9.056597709655761719e+00
1.938335609436035156e+01,2.294000864028930664e+00,8.027633666992187500e+00,9.061721801757812500e+00
1.941380691528320312e+01,2.279701709747314453e+00,8.074422836303710938e+00,9.059681892395019531e+00
1.938270187377929688e+01,2.287694692611694336e+00,8.035817146301269531e+00,9.059189796447753906e+00
1.937733840942382812e+01,2.277251005172729492e+00,8.027653694152832031e+00,9.072432518005371094e+00
1.936961746215820312e+01,2.268915414810180664e+00,8.000522613525390625e+00,9.100180625915527344e+00
1.936028671264648438e+01,2.263215780258178711e+00,7.975828170776367188e+00,9.121241569519042969e+00
1.935037040710449219e+01,2.259835720062255859e+00,7.917920589447021484e+00,9.172614097595214844e+00
1.933625411987304688e+01,2.251662492752075195e+00,7.924088001251220703e+00,9.160502433776855469e+00
1.930882263183593750e+01,2.223220348358154297e+00,7.952465057373046875e+00,9.133137702941894531e+00
1.928383636474609375e+01,2.193791151046752930e+00,7.974514961242675781e+00,9.115529060363769531e+00
1.922358703613281250e+01,2.123208761215209961e+00,8.017556190490722656e+00,9.082821846008300781e+00
1.910878753662109375e+01,2.016978502273559570e+00,8.062995910644531250e+00,9.028814315795898438e+00
1.883390045166015625e+01,1.845523357391357422e+00,8.104155540466308594e+00,8.884222984313964844e+00
1.848701477050781250e+01,1.746381998062133789e+00,8.092475891113281250e+00,8.648156166076660156e+00
1.818352508544921875e+01,1.619279384613037109e+00,7.976134777069091797e+00,8.588110923767089844e+00
1.797326087951660156e+01,1.669110298156738281e+00,7.741971015930175781e+00,8.562179565429687500e+00
1.779989624023437500e+01,1.533724665641784668e+00,7.614979743957519531e+00,8.651190757751464844e+00
1.767855453491210938e+01,1.511756539344787598e+00,7.483775138854980469e+00,8.683022499084472656e+00
1.752013015747070312e+01,1.526188969612121582e+00,7.341600894927978516e+00,8.652339935302734375e+00
1.741515159606933594e+01,1.535083532333374023e+00,7.226957798004150391e+00,8.653110504150390625e+00
1.735601043701171875e+01,1.527147412300109863e+00,7.262786865234375000e+00,8.566077232360839844e+00
1.730415344238281250e+01,1.589430928230285645e+00,7.284216880798339844e+00,8.430505752563476562e+00
1.728112602233886719e+01,1.571557879447937012e+00,7.320336341857910156e+00,8.389231681823730469e+00
1.724560356140136719e+01,1.551608324050903320e+00,7.314457893371582031e+00,8.379537582397460938e+00
1.721994972229003906e+01,1.579391717910766602e+00,7.291210174560546875e+00,8.349348068237304688e+00
1.718886947631835938e+01,1.580912470817565918e+00,7.259265422821044922e+00,8.348691940307617188e+00
1.740583419799804688e+01,1.790350794792175293e+00,7.401273250579833984e+00,8.214210510253906250e+00
1.717304611206054688e+01,1.574256181716918945e+00,7.281179428100585938e+00,8.317609786987304688e+00
1.712374687194824219e+01,1.614392757415771484e+00,7.246063232421875000e+00,8.263290405273437500e+00
1.709752464294433594e+01,1.615707397460937500e+00,7.231901168823242188e+00,8.249916076660156250e+00
1.707081604003906250e+01,1.689555406570434570e+00,7.218185901641845703e+00,8.163073539733886719e+00
1.704022979736328125e+01,1.726884365081787109e+00,7.234249114990234375e+00,8.079094886779785156e+00
1.702047538757324219e+01,1.786545038223266602e+00,7.235473632812500000e+00,7.998456478118896484e+00
1.700109863281250000e+01,1.821246981620788574e+00,7.242130279541015625e+00,7.937721252441406250e+00
1.698273849487304688e+01,1.868627548217773438e+00,7.231443881988525391e+00,7.882667064666748047e+00
1.694719314575195312e+01,1.892422676086425781e+00,7.203449726104736328e+00,7.851320266723632812e+00
1.689542961120605469e+01,1.884662151336669922e+00,7.159591674804687500e+00,7.851175785064697266e+00
1.685258102416992188e+01,1.948184251785278320e+00,7.101317405700683594e+00,7.803079128265380859e+00
1.685535621643066406e+01,1.933186292648315430e+00,7.063195705413818359e+00,7.858974456787109375e+00
1.682272338867187500e+01,1.911706447601318359e+00,7.082192420959472656e+00,7.828824996948242188e+00
1.680064773559570312e+01,1.955793380737304688e+00,7.068887710571289062e+00,7.775966644287109375e+00
1.677889633178710938e+01,2.039881229400634766e+00,7.050093650817871094e+00,7.688920021057128906e+00
1.675428390502929688e+01,2.028009176254272461e+00,7.055651664733886719e+00,7.670623779296875000e+00
1.672132492065429688e+01,2.058816671371459961e+00,7.032513141632080078e+00,7.629994869232177734e+00
1.676108741760253906e+01,2.340722560882568359e+00,6.911067962646484375e+00,7.509295940399169922e+00
1.666522216796875000e+01,2.130253553390502930e+00,6.971314430236816406e+00,7.563653469085693359e+00
1.660398483276367188e+01,2.153733968734741211e+00,6.907347679138183594e+00,7.542902469635009766e+00
1.658466720581054688e+01,2.267077445983886719e+00,6.903096675872802734e+00,7.414494514465332031e+00
1.659139251708984375e+01,2.254212141036987305e+00,6.967245578765869141e+00,7.369935512542724609e+00
1.652052307128906250e+01,2.208873271942138672e+00,6.928194522857666016e+00,7.383455276489257812e+00
1.644605827331542969e+01,2.243926048278808594e+00,6.914023876190185547e+00,7.288108348846435547e+00
1.640361785888671875e+01,2.278222322463989258e+00,6.908691883087158203e+00,7.216704368591308594e+00
1.632464218139648438e+01,2.299718379974365234e+00,6.897593498229980469e+00,7.127330780029296875e+00
1.626349258422851562e+01,2.291023731231689453e+00,6.887423515319824219e+00,7.085045814514160156e+00
1.621190643310546875e+01,2.279978513717651367e+00,6.846223354339599609e+00,7.085704326629638672e+00
1.981650924682617188e+01,5.903531551361083984e+00,6.849524497985839844e+00,7.063453197479248047e+00
1.612979125976562500e+01,2.256898880004882812e+00,6.826315879821777344e+00,7.046576023101806641e+00
1.620510101318359375e+01,2.464267253875732422e+00,6.783439159393310547e+00,6.957395076751708984e+00
1.609993743896484375e+01,2.278438806533813477e+00,6.809886932373046875e+00,7.011611461639404297e+00
1.605545425415039062e+01,2.289043664932250977e+00,6.784696578979492188e+00,6.981713771820068359e+00
1.602330017089843750e+01,2.302706241607666016e+00,6.779363632202148438e+00,6.941229820251464844e+00
1.596143150329589844e+01,2.310823202133178711e+00,6.755882263183593750e+00,6.894726276397705078e+00
1.588438606262207031e+01,2.296024560928344727e+00,6.809667110443115234e+00,6.778693675994873047e+00
1.582264518737792969e+01,2.307659149169921875e+00,6.781650543212890625e+00,6.733335494995117188e+00
1.602005386352539062e+01,2.474002838134765625e+00,6.742806911468505859e+00,6.803243160247802734e+00
1.578736400604248047e+01,2.266996145248413086e+00,6.769438743591308594e+00,6.750928878784179688e+00
1.573901271820068359e+01,2.258444786071777344e+00,6.756107330322265625e+00,6.724460601806640625e+00
1.569169616699218750e+01,2.261744499206542969e+00,6.730501174926757812e+00,6.699450492858886719e+00
1.564248275756835938e+01,2.247905969619750977e+00,6.682550907135009766e+00,6.712025165557861328e+00
1.559475898742675781e+01,2.256908893585205078e+00,6.676653861999511719e+00,6.661196231842041016e+00
1.554945755004882812e+01,2.239012956619262695e+00,6.681268692016601562e+00,6.629176616668701172e+00
1.553732681274414062e+01,2.316761016845703125e+00,6.690023422241210938e+00,6.530541896820068359e+00
1.552072525024414062e+01,2.259207010269165039e+00,6.684612751007080078e+00,6.576905727386474609e+00
1.549445152282714844e+01,2.284341812133789062e+00,6.713434696197509766e+00,6.496675491333007812e+00
1.548149490356445312e+01,2.284354209899902344e+00,6.745954036712646484e+00,6.451186656951904297e+00
1.560639381408691406e+01,2.403608322143554688e+00,6.700073242187500000e+00,6.502712726593017578e+00
1.547354125976562500e+01,2.285487174987792969e+00,6.732194423675537109e+00,6.455860614776611328e+00
1.546158981323242188e+01,2.300714015960693359e+00,6.719751358032226562e+00,6.441124439239501953e+00
1.545104789733886719e+01,2.305711269378662109e+00,6.702069759368896484e+00,6.443267345428466797e+00
1.544361972808837891e+01,2.334446430206298828e+00,6.673713207244873047e+00,6.435460090637207031e+00
1.543966102600097656e+01,2.336277484893798828e+00,6.666140556335449219e+00,6.437242984771728516e+00
1.543452835083007812e+01,2.344201326370239258e+00,6.663062095642089844e+00,6.427264690399169922e+00
1.542628097534179688e+01,2.356371164321899414e+00,6.660243988037109375e+00,6.409666061401367188e+00
1.541939353942871094e+01,2.361053466796875000e+00,6.661958694458007812e+00,6.396381855010986328e+00
1.541567420959472656e+01,2.362735748291015625e+00,6.671331405639648438e+00,6.381607532501220703e+00
1.541417407989501953e+01,2.362405300140380859e+00,6.670101165771484375e+00,6.381667137145996094e+00
1.541254806518554688e+01,2.350244045257568359e+00,6.669826984405517578e+00,6.392477512359619141e+00
1.540964508056640625e+01,2.353627443313598633e+00,6.668232917785644531e+00,6.387784957885742188e+00
1.540679264068603516e+01,2.358568668365478516e+00,6.666051864624023438e+00,6.382172584533691406e+00
1.540235614776611328e+01,2.368658065795898438e+00,6.659798622131347656e+00,6.373899459838867188e+00
1.539860725402832031e+01,2.368498802185058594e+00,6.655618667602539062e+00,6.374489784240722656e+00
1.539767646789550781e+01,2.374418497085571289e+00,6.653395652770996094e+00,6.369862079620361328e+00
1.539694404602050781e+01,2.376148223876953125e+00,6.653828144073486328e+00,6.366968631744384766e+00
1.539439392089843750e+01,2.376772403717041016e+00,6.652232170104980469e+00,6.365388870239257812e+00
1.539112758636474609e+01,2.379314184188842773e+00,6.650907516479492188e+00,6.360905647277832031e+00
1.538765335083007812e+01,2.388862133026123047e+00,6.649736404418945312e+00,6.349054336547851562e+00
1.538191986083984375e+01,2.397874832153320312e+00,6.642120361328125000e+00,6.341924667358398438e+00
1.537055206298828125e+01,2.415395259857177734e+00,6.618061065673828125e+00,6.337095260620117188e+00
1.535767364501953125e+01,2.442725896835327148e+00,6.603491306304931641e+00,6.311457157135009766e+00
1.534228992462158203e+01,2.478454351425170898e+00,6.578918457031250000e+00,6.284916877746582031e+00
1.531478118896484375e+01,2.510880947113037109e+00,6.568220615386962891e+00,6.235679626464843750e+00
1.539911079406738281e+01,2.747364521026611328e+00,6.530220985412597656e+00,6.121525287628173828e+00
1.530524253845214844e+01,2.548554897308349609e+00,6.556858062744140625e+00,6.199828624725341797e+00
1.528321266174316406e+01,2.590465545654296875e+00,6.544277191162109375e+00,6.148469924926757812e+00
1.526395130157470703e+01,2.588596582412719727e+00,6.552207946777343750e+00,6.123147010803222656e+00
1.523677349090576172e+01,2.608333826065063477e+00,6.544050693511962891e+00,6.084388732910156250e+00
1.516453933715820312e+01,2.630809545516967773e+00,6.518897056579589844e+00,6.014832019805908203e+00
1.517374992370605469e+01,2.735386133193969727e+00,6.448360919952392578e+00,5.990003108978271484e+00
1.512635040283203125e+01,2.652978181838989258e+00,6.484021186828613281e+00,5.989351749420166016e+00
1.498720550537109375e+01,2.606996536254882812e+00,6.417505264282226562e+00,5.962703704833984375e+00
1.486376190185546875e+01,2.582419157028198242e+00,6.434996604919433594e+00,5.846346378326416016e+00
1.474829292297363281e+01,2.484091758728027344e+00,6.468639850616455078e+00,5.795560359954833984e+00
1.581730175018310547e+01,3.085756301879882812e+00,6.727347850799560547e+00,6.004197120666503906e+00
1.468653488159179688e+01,2.460246324539184570e+00,6.469035148620605469e+00,5.757253170013427734e+00
1.462875366210937500e+01,2.429146051406860352e+00,6.454654216766357422e+00,5.744953155517578125e+00
1.456961059570312500e+01,2.409530639648437500e+00,6.380529880523681641e+00,5.779550552368164062e+00
1.451198005676269531e+01,2.403699398040771484e+00,6.330871105194091797e+00,5.777409553527832031e+00
1.438695716857910156e+01,2.381236076354980469e+00,6.264113426208496094e+00,5.741607189178466797e+00
1.424086761474609375e+01,2.336132526397705078e+00,6.297674179077148438e+00,5.607060909271240234e+00
1.445153427124023438e+01,2.725303173065185547e+00,6.128757476806640625e+00,5.597473621368408203e+00
1.419615077972412109e+01,2.386062622070312500e+00,6.239830970764160156e+00,5.570257186889648438e+00
1.420021438598632812e+01,2.488691806793212891e+00,6.146342277526855469e+00,5.565179824829101562e+00
1.413840103149414062e+01,2.398627281188964844e+00,6.192805767059326172e+00,5.546967983245849609e+00
1.409353160858154297e+01,2.400050878524780273e+00,6.145776271820068359e+00,5.547704696655273438e+00
1.404755115509033203e+01,2.441326379776000977e+00,6.061573982238769531e+00,5.544651031494140625e+00
1.401470756530761719e+01,2.471166849136352539e+00,5.962213039398193359e+00,5.581326961517333984e+00
1.395251083374023438e+01,2.460202217102050781e+00,5.886548995971679688e+00,5.605759143829345703e+00
1.390157794952392578e+01,2.461629152297973633e+00,5.847402095794677734e+00,5.592546463012695312e+00
1.385839080810546875e+01,2.439318180084228516e+00,5.855614185333251953e+00,5.563458442687988281e+00
1.381621646881103516e+01,2.495836496353149414e+00,5.849771976470947266e+00,5.470607757568359375e+00
1.377186203002929688e+01,2.509021282196044922e+00,5.835660457611083984e+00,5.427179813385009766e+00
1.373503112792968750e+01,2.485069990158081055e+00,5.823394298553466797e+00,5.426566600799560547e+00
1.370446205139160156e+01,2.496548414230346680e+00,5.799152374267578125e+00,5.408760547637939453e+00
1.371132087707519531e+01,2.553867101669311523e+00,5.818198204040527344e+00,5.339254856109619141e+00
1.368923568725585938e+01,2.515070676803588867e+00,5.799434185028076172e+00,5.374731063842773438e+00
1.365587234497070312e+01,2.521102428436279297e+00,5.785686016082763672e+00,5.349084377288818359e+00
1.360042572021484375e+01,2.557697772979736328e+00,5.679571628570556641e+00,5.363156318664550781e+00
1.355463123321533203e+01,2.576504230499267578e+00,5.625000953674316406e+00,5.353125572204589844e+00
1.349974060058593750e+01,2.540563821792602539e+00,5.642258167266845703e+00,5.316917896270751953e+00
1.343548965454101562e+01,2.549541473388671875e+00,5.599872112274169922e+00,5.286075115203857422e+00
1.329438781738281250e+01,2.550401210784912109e+00,5.550785064697265625e+00,5.193201541900634766e+00
1.308746528625488281e+01,2.451584100723266602e+00,5.523537158966064453e+00,5.112343788146972656e+00
1.294060897827148438e+01,2.509375572204589844e+00,5.454702854156494141e+00,4.976530075073242188e+00
1.278301429748535156e+01,2.225826740264892578e+00,5.536900043487548828e+00,5.020287513732910156e+00
1.265632534027099609e+01,2.213139295578002930e+00,5.248368263244628906e+00,5.194817543029785156e+00
1.253509521484375000e+01,2.181892633438110352e+00,5.320980548858642578e+00,5.032221317291259766e+00
1.249772071838378906e+01,2.155790567398071289e+00,5.331764221191406250e+00,5.010166168212890625e+00
1.244203186035156250e+01,2.115823268890380859e+00,5.255689620971679688e+00,5.070518493652343750e+00
1.244988059997558594e+01,2.144813776016235352e+00,5.171474456787109375e+00,5.133593082427978516e+00
1.242302131652832031e+01,2.118162870407104492e+00,5.211794853210449219e+00,5.093062877655029297e+00
1.240635776519775391e+01,2.126782894134521484e+00,5.193520545959472656e+00,5.086054325103759766e+00
1.238782596588134766e+01,2.119402170181274414e+00,5.231607437133789062e+00,5.036816596984863281e+00
1.237371063232421875e+01,2.117343664169311523e+00,5.250115394592285156e+00,5.006251335144042969e+00
1.235695457458496094e+01,2.100672721862792969e+00,5.259105205535888672e+00,4.997177124023437500e+00
1.232983207702636719e+01,2.059853076934814453e+00,5.296502590179443359e+00,4.973476886749267578e+00
1.230319404602050781e+01,2.019800424575805664e+00,5.293253421783447266e+00,4.990139961242675781e+00
1.226864051818847656e+01,1.946570158004760742e+00,5.326354026794433594e+00,4.995716094970703125e+00
1.224245262145996094e+01,1.899265170097351074e+00,5.334456920623779297e+00,5.008730888366699219e+00
1.221529769897460938e+01,1.865066051483154297e+00,5.312818527221679688e+00,5.037413120269775391e+00
1.219216728210449219e+01,1.823650002479553223e+00,5.315792083740234375e+00,5.052725315093994141e+00
1.217460441589355469e+01,1.799875617027282715e+00,5.333838939666748047e+00,5.040889263153076172e+00
1.214871501922607422e+01,1.761225104331970215e+00,5.366341114044189453e+00,5.021148681640625000e+00
1.209856891632080078e+01,1.664370059967041016e+00,5.433503627777099609e+00,5.000695228576660156e+00
1.204888343811035156e+01,1.588153839111328125e+00,5.505589962005615234e+00,4.955139160156250000e+00
1.202402114868164062e+01,1.473390102386474609e+00,5.574753761291503906e+00,4.975877761840820312e+00
1.200775337219238281e+01,1.509126186370849609e+00,5.536839485168457031e+00,4.961787223815917969e+00
1.193861770629882812e+01,1.420427083969116211e+00,5.554727554321289062e+00,4.963463306427001953e+00
1.186403846740722656e+01,1.383960366249084473e+00,5.510812759399414062e+00,4.969264984130859375e+00
1.175230884552001953e+01,1.304390668869018555e+00,5.584632396697998047e+00,4.863286018371582031e+00
1.161664390563964844e+01,1.224589586257934570e+00,5.565020561218261719e+00,4.827033519744873047e+00
1.155220031738281250e+01,1.115963220596313477e+00,5.511602401733398438e+00,4.924634456634521484e+00
1.145563030242919922e+01,1.035331010818481445e+00,5.465644836425781250e+00,4.954654693603515625e+00
1.141437149047851562e+01,9.751779437065124512e-01,5.532476902008056641e+00,4.906717300415039062e+00
1.137910461425781250e+01,9.323976039886474609e-01,5.407831668853759766e+00,5.038875102996826172e+00
1.134213352203369141e+01,8.719996213912963867e-01,5.424991130828857422e+00,5.045142650604248047e+00
1.133410358428955078e+01,8.569951057434082031e-01,5.410094261169433594e+00,5.067014217376708984e+00
1.132806777954101562e+01,8.414703011512756348e-01,5.404624938964843750e+00,5.081972122192382812e+00
1.131574249267578125e+01,8.112952113151550293e-01,5.400997638702392578e+00,5.103450298309326172e+00
1.129693126678466797e+01,7.570205330848693848e-01,5.433481216430664062e+00,5.106429576873779297e+00
1.129468059539794922e+01,7.162427306175231934e-01,5.530555248260498047e+00,5.047882556915283203e+00
1.128516769409179688e+01,7.286605834960937500e-01,5.482053756713867188e+00,5.074452877044677734e+00
1.127053737640380859e+01,6.679669618606567383e-01,5.543535232543945312e+00,5.059035301208496094e+00
1.126350593566894531e+01,6.377192735671997070e-01,5.565509319305419922e+00,5.060276985168457031e+00
1.125767707824707031e+01,6.237376928329467773e-01,5.586203098297119141e+00,5.047735691070556641e+00
1.124756431579589844e+01,5.906935930252075195e-01,5.643779277801513672e+00,5.013091564178466797e+00
1.124283695220947266e+01,5.769214034080505371e-01,5.695188522338867188e+00,4.970726966857910156e+00
1.122595024108886719e+01,5.786771178245544434e-01,5.688772678375244141e+00,4.958500862121582031e+00
1.120123100280761719e+01,5.878056883811950684e-01,5.676531314849853516e+00,4.936894416809082031e+00
1.115869140625000000e+01,6.116674542427062988e-01,5.642979145050048828e+00,4.904044628143310547e+00
1.111153602600097656e+01,6.287947297096252441e-01,5.593791484832763672e+00,4.888949394226074219e+00
1.106082248687744141e+01,6.176167726516723633e-01,5.554048061370849609e+00,4.889157772064208984e+00
1.099461936950683594e+01,5.637811422348022461e-01,5.518136501312255859e+00,4.912702083587646484e+00
1.113289737701416016e+01,7.478777170181274414e-01,5.462311267852783203e+00,4.922708511352539062e+00
1.097184181213378906e+01,5.690647959709167480e-01,5.498094558715820312e+00,4.904683113098144531e+00
1.095021820068359375e+01,5.494825839996337891e-01,5.480802059173583984e+00,4.919933319091796875e+00
1.093591308593750000e+01,5.393560528755187988e-01,5.474275112152099609e+00,4.922281265258789062e+00
1.091583919525146484e+01,5.117433071136474609e-01,5.466059207916259766e+00,4.938036918640136719e+00
1.091117286682128906e+01,5.082647204399108887e-01,5.464161396026611328e+00,4.938746929168701172e+00
1.090255355834960938e+01,5.051342248916625977e-01,5.442669391632080078e+00,4.954749584197998047e+00
1.089392375946044922e+01,4.839948713779449463e-01,5.440978050231933594e+00,4.968950748443603516e+00
1.088476753234863281e+01,4.734466373920440674e-01,5.401692390441894531e+00,5.009628295898437500e+00
1.087789726257324219e+01,4.614900648593902588e-01,5.376587867736816406e+00,5.039818763732910156e+00
1.086670684814453125e+01,4.479400813579559326e-01,5.346502304077148438e+00,5.072264671325683594e+00
1.084939575195312500e+01,4.347896277904510498e-01,5.317747592926025391e+00,5.096858024597167969e+00
1.082655334472656250e+01,4.300763010978698730e-01,5.333403587341308594e+00,5.063073158264160156e+00
1.080065631866455078e+01,4.167696237564086914e-01,5.374692916870117188e+00,5.009193897247314453e+00
1.079186725616455078e+01,4.374179244041442871e-01,5.447672367095947266e+00,4.906776905059814453e+00
1.079790306091308594e+01,4.259150326251983643e-01,5.585116863250732422e+00,4.786871433258056641e+00
1.076608467102050781e+01,4.113043248653411865e-01,5.504952907562255859e+00,4.849827289581298828e+00
1.075621986389160156e+01,4.036386311054229736e-01,5.500698566436767578e+00,4.851882457733154297e+00
1.075447082519531250e+01,4.015240073204040527e-01,5.492835044860839844e+00,4.860111713409423828e+00
1.074513626098632812e+01,3.931840062141418457e-01,5.497743129730224609e+00,4.854209423065185547e+00
1.073824691772460938e+01,3.811068236827850342e-01,5.492568016052246094e+00,4.864572525024414062e+00
1.073529434204101562e+01,3.681094646453857422e-01,5.484203338623046875e+00,4.882981777191162109e+00
1.073076629638671875e+01,3.624407649040222168e-01,5.456264019012451172e+00,4.912061691284179688e+00
1.072659301757812500e+01,3.571566641330718994e-01,5.452909946441650391e+00,4.916526317596435547e+00
1.071899509429931641e+01,3.543972671031951904e-01,5.448848724365234375e+00,4.915749073028564453e+00
1.071472740173339844e+01,3.551714718341827393e-01,5.459382057189941406e+00,4.900173664093017578e+00
1.070787143707275391e+01,3.611660301685333252e-01,5.472710609436035156e+00,4.873994827270507812e+00
1.070485115051269531e+01,3.705419003963470459e-01,5.480428695678710938e+00,4.853880405426025391e+00
1.070169448852539062e+01,3.719984591007232666e-01,5.471191883087158203e+00,4.858504295349121094e+00
1.070006275177001953e+01,3.754039108753204346e-01,5.445377349853515625e+00,4.879281520843505859e+00
1.069886398315429688e+01,3.818909525871276855e-01,5.436873912811279297e+00,4.880099296569824219e+00
1.069843101501464844e+01,3.877138793468475342e-01,5.430392265319824219e+00,4.880325317382812500e+00
1.069777202606201172e+01,3.904759287834167480e-01,5.426758289337158203e+00,4.880537986755371094e+00
1.069704914093017578e+01,3.913861215114593506e-01,5.427607059478759766e+00,4.878056049346923828e+00
1.069546318054199219e+01,3.898925483226776123e-01,5.428007602691650391e+00,4.877563476562500000e+00
1.069525718688964844e+01,3.992071151733398438e-01,5.413331031799316406e+00,4.882719039916992188e+00
1.069014549255371094e+01,3.971793353557586670e-01,5.398315906524658203e+00,4.894650936126708984e+00
1.068638420104980469e+01,3.882544636726379395e-01,5.395121097564697266e+00,4.903007984161376953e+00
1.068381690979003906e+01,4.043634533882141113e-01,5.368827342987060547e+00,4.910626411437988281e+00
1.067593955993652344e+01,3.877986073493957520e-01,5.372340679168701172e+00,4.915800571441650391e+00
1.067199516296386719e+01,3.870356082916259766e-01,5.367184162139892578e+00,4.917774677276611328e+00
1.066547393798828125e+01,3.938426673412322998e-01,5.358127593994140625e+00,4.913503646850585938e+00
1.065906906127929688e+01,4.024133384227752686e-01,5.347270488739013672e+00,4.909385681152343750e+00
1.065103912353515625e+01,4.176268577575683594e-01,5.342003822326660156e+00,4.891407966613769531e+00
1.063913154602050781e+01,4.354750812053680420e-01,5.330978393554687500e+00,4.872678756713867188e+00
1.061883544921875000e+01,4.670228064060211182e-01,5.335424423217773438e+00,4.816388130187988281e+00
1.061115455627441406e+01,5.181916952133178711e-01,5.322972774505615234e+00,4.769990444183349609e+00
1.060552978515625000e+01,4.833985865116119385e-01,5.328890323638916016e+00,4.793241024017333984e+00
1.057208633422851562e+01,5.002847909927368164e-01,5.334474563598632812e+00,4.737326622009277344e+00
1.053889846801757812e+01,4.885792434215545654e-01,5.353037834167480469e+00,4.697281360626220703e+00
1.051701545715332031e+01,4.976172447204589844e-01,5.367651462554931641e+00,4.651747226715087891e+00
1.047965812683105469e+01,4.933397769927978516e-01,5.425245285034179688e+00,4.561073780059814453e+00
1.043285751342773438e+01,4.837787747383117676e-01,5.431442260742187500e+00,4.517636299133300781e+00
1.035582351684570312e+01,4.344752132892608643e-01,5.404789447784423828e+00,4.516559123992919922e+00
1.027280044555664062e+01,4.780742526054382324e-01,5.366636276245117188e+00,4.428090095520019531e+00
1.017253780364990234e+01,4.797525405883789062e-01,5.278368473052978516e+00,4.414416790008544922e+00
1.009230995178222656e+01,6.963593363761901855e-01,4.928145885467529297e+00,4.467805385589599609e+00
9.895589828491210938e+00,5.889204144477844238e-01,4.986426353454589844e+00,4.320243358612060547e+00
1.017519950866699219e+01,9.932871460914611816e-01,5.073135852813720703e+00,4.108776092529296875e+00
9.819669723510742188e+00,5.802963376045227051e-01,5.008882999420166016e+00,4.230490684509277344e+00
9.659374237060546875e+00,6.196693778038024902e-01,4.921887874603271484e+00,4.117816448211669922e+00
9.556211471557617188e+00,6.458611488342285156e-01,4.900088787078857422e+00,4.010262012481689453e+00
9.747422218322753906e+00,7.525590062141418457e-01,4.721289157867431641e+00,4.273573875427246094e+00
9.490926742553710938e+00,6.149588227272033691e-01,4.827878952026367188e+00,4.048088550567626953e+00
9.561105728149414062e+00,7.463293075561523438e-01,4.705837249755859375e+00,4.108939647674560547e+00
9.450710296630859375e+00,6.293659806251525879e-01,4.773489475250244141e+00,4.047854900360107422e+00
9.419281005859375000e+00,7.093708515167236328e-01,4.693130016326904297e+00,4.016779422760009766e+00
9.361181259155273438e+00,6.607844233512878418e-01,4.685445785522460938e+00,4.014950752258300781e+00
9.397079467773437500e+00,7.721067070960998535e-01,4.605544567108154297e+00,4.019428253173828125e+00
9.329133033752441406e+00,6.657653450965881348e-01,4.649758338928222656e+00,4.013609409332275391e+00
9.307467460632324219e+00,6.554839015007019043e-01,4.647457122802734375e+00,4.004526615142822266e+00
9.393338203430175781e+00,8.773279786109924316e-01,4.531139850616455078e+00,3.984870195388793945e+00
9.261797904968261719e+00,6.811802983283996582e-01,4.596779823303222656e+00,3.983837842941284180e+00
9.220537185668945312e+00,6.968496441841125488e-01,4.542733192443847656e+00,3.980954647064208984e+00
9.160642623901367188e+00,6.329483389854431152e-01,4.573888301849365234e+00,3.953806400299072266e+00
9.082948684692382812e+00,6.059147119522094727e-01,4.602027893066406250e+00,3.875006198883056641e+00
9.009270668029785156e+00,5.939744710922241211e-01,4.580996990203857422e+00,3.834299087524414062e+00
8.931395530700683594e+00,5.771197080612182617e-01,4.528491973876953125e+00,3.825783491134643555e+00
8.883519172668457031e+00,6.939104199409484863e-01,4.417947769165039062e+00,3.771660804748535156e+00
8.849512100219726562e+00,5.942799448966979980e-01,4.461783409118652344e+00,3.793448448181152344e+00
8.827021598815917969e+00,6.014732718467712402e-01,4.380145549774169922e+00,3.845402717590332031e+00
8.838191986083984375e+00,6.513634324073791504e-01,4.317384243011474609e+00,3.869444370269775391e+00
8.775951385498046875e+00,5.873982310295104980e-01,4.343709468841552734e+00,3.844844341278076172e+00
8.825466156005859375e+00,6.479614377021789551e-01,4.354731082916259766e+00,3.822773218154907227e+00
8.750877380371093750e+00,5.808134675025939941e-01,4.343353271484375000e+00,3.826710700988769531e+00
8.796892166137695312e+00,6.152211427688598633e-01,4.349947452545166016e+00,3.831723928451538086e+00
8.738463401794433594e+00,5.777674913406372070e-01,4.342751026153564453e+00,3.817945003509521484e+00
8.717586517333984375e+00,5.769411921501159668e-01,4.327309131622314453e+00,3.813336372375488281e+00
8.662000656127929688e+00,5.751131772994995117e-01,4.282245635986328125e+00,3.804641246795654297e+00
8.594744682312011719e+00,5.691160559654235840e-01,4.230103969573974609e+00,3.795524835586547852e+00
8.517509460449218750e+00,5.678415298461914062e-01,4.211030960083007812e+00,3.738636732101440430e+00
8.488467216491699219e+00,5.640790462493896484e-01,4.206565856933593750e+00,3.717821836471557617e+00
8.474721908569335938e+00,5.682764649391174316e-01,4.197025775909423828e+00,3.709419488906860352e+00
8.468707084655761719e+00,5.698187947273254395e-01,4.197209358215332031e+00,3.701678991317749023e+00
8.468763351440429688e+00,5.516740679740905762e-01,4.222452163696289062e+00,3.694637775421142578e+00
8.463271141052246094e+00,5.587626695632934570e-01,4.208169937133789062e+00,3.696338415145874023e+00
8.444597244262695312e+00,5.696846842765808105e-01,4.209125041961669922e+00,3.665787220001220703e+00
8.416697502136230469e+00,5.652901530265808105e-01,4.205919265747070312e+00,3.645488500595092773e+00
8.377115249633789062e+00,5.408650040626525879e-01,4.229922294616699219e+00,3.606328487396240234e+00
8.362800598144531250e+00,5.355904698371887207e-01,4.237244129180908203e+00,3.589965581893920898e+00
8.337279319763183594e+00,5.454990863800048828e-01,4.233360290527343750e+00,3.558420181274414062e+00
8.317183494567871094e+00,5.169729590415954590e-01,4.228943824768066406e+00,3.571266412734985352e+00
8.299968719482421875e+00,5.280860662460327148e-01,4.227078437805175781e+00,3.544803619384765625e+00
8.292390823364257812e+00,5.308790206909179688e-01,4.223392963409423828e+00,3.538118600845336914e+00
8.284793853759765625e+00,5.266699790954589844e-01,4.227293491363525391e+00,3.530830144882202148e+00
8.275599479675292969e+00,5.249914526939392090e-01,4.231332778930664062e+00,3.519274950027465820e+00
8.265015602111816406e+00,5.247200727462768555e-01,4.230672836303710938e+00,3.509622335433959961e+00
8.248128890991210938e+00,5.320203900337219238e-01,4.225904464721679688e+00,3.490203857421875000e+00
8.231104850769042969e+00,5.309267044067382812e-01,4.230193138122558594e+00,3.469985246658325195e+00
8.211116790771484375e+00,5.253965854644775391e-01,4.225664138793945312e+00,3.460056543350219727e+00
8.184574127197265625e+00,5.046992897987365723e-01,4.203740119934082031e+00,3.476134777069091797e+00
8.167741775512695312e+00,5.010966062545776367e-01,4.182549476623535156e+00,3.484095096588134766e+00
8.194553375244140625e+00,4.884593188762664795e-01,4.129248142242431641e+00,3.576845884323120117e+00
8.157955169677734375e+00,4.882436990737915039e-01,4.161949157714843750e+00,3.507762432098388672e+00
8.126321792602539062e+00,4.796413481235504150e-01,4.092643260955810547e+00,3.554036855697631836e+00
8.106174468994140625e+00,4.788655042648315430e-01,4.059943199157714844e+00,3.567365884780883789e+00
8.093064308166503906e+00,4.821339845657348633e-01,4.037131309509277344e+00,3.573798894882202148e+00
8.080664634704589844e+00,4.818691015243530273e-01,4.014242172241210938e+00,3.584553241729736328e+00
8.064759254455566406e+00,4.729966521263122559e-01,4.018573284149169922e+00,3.573189496994018555e+00
8.039343833923339844e+00,4.568155407905578613e-01,4.077868938446044922e+00,3.504659414291381836e+00
7.986777305603027344e+00,4.362886250019073486e-01,4.058626174926757812e+00,3.491862058639526367e+00
7.958049297332763672e+00,4.409919977188110352e-01,4.057172298431396484e+00,3.459885120391845703e+00
7.880983829498291016e+00,4.137517213821411133e-01,4.020783424377441406e+00,3.446448802947998047e+00
7.812018394470214844e+00,3.702876865863800049e-01,4.030843734741210938e+00,3.410886764526367188e+00
7.739227771759033203e+00,3.326089680194854736e-01,4.005068778991699219e+00,3.401549816131591797e+00
7.702962875366210938e+00,3.360029160976409912e-01,3.961110353469848633e+00,3.405849456787109375e+00
7.663622856140136719e+00,2.847542464733123779e-01,3.948925018310546875e+00,3.429943323135375977e+00
7.633558273315429688e+00,2.652347385883331299e-01,3.945755004882812500e+00,3.422568559646606445e+00
7.595580101013183594e+00,2.513608634471893311e-01,3.947327852249145508e+00,3.396891355514526367e+00
7.589337348937988281e+00,2.454564720392227173e-01,3.952164173126220703e+00,3.391716718673706055e+00
7.551796913146972656e+00,2.325548082590103149e-01,3.952370166778564453e+00,3.366872072219848633e+00
7.548975467681884766e+00,2.298247814178466797e-01,3.967577934265136719e+00,3.351572513580322266e+00
7.532060146331787109e+00,2.197086364030838013e-01,3.961356401443481445e+00,3.350995063781738281e+00
7.525676727294921875e+00,2.229372262954711914e-01,3.953200578689575195e+00,3.349539041519165039e+00
7.518531799316406250e+00,2.205832004547119141e-01,3.948808193206787109e+00,3.349140167236328125e+00
7.512199401855468750e+00,2.211174070835113525e-01,3.940626382827758789e+00,3.350455760955810547e+00
7.505140304565429688e+00,2.205999791622161865e-01,3.925484657287597656e+00,3.359055280685424805e+00
7.492152214050292969e+00,2.217758595943450928e-01,3.898606777191162109e+00,3.371769189834594727e+00
7.476688385009765625e+00,2.280064076185226440e-01,3.876241445541381836e+00,3.372440576553344727e+00
7.458960533142089844e+00,2.351590991020202637e-01,3.862975120544433594e+00,3.360826492309570312e+00
7.441526412963867188e+00,2.425150871276855469e-01,3.869259119033813477e+00,3.329751968383789062e+00
7.419910430908203125e+00,2.411730736494064331e-01,3.902698516845703125e+00,3.276038646697998047e+00
7.406916618347167969e+00,2.552408277988433838e-01,3.914008140563964844e+00,3.237667798995971680e+00
7.383315086364746094e+00,2.282471954822540283e-01,3.931532382965087891e+00,3.223535299301147461e+00
7.361746311187744141e+00,2.135746479034423828e-01,3.929290056228637695e+00,3.218881607055664062e+00
7.333324432373046875e+00,2.019414752721786499e-01,3.907212018966674805e+00,3.224171161651611328e+00
7.311314582824707031e+00,1.971481591463088989e-01,3.889020204544067383e+00,3.225146055221557617e+00
7.270176887512207031e+00,2.185756862163543701e-01,3.862270593643188477e+00,3.189330816268920898e+00
7.264379978179931641e+00,2.110152840614318848e-01,3.822746753692626953e+00,3.230618000030517578e+00
7.209252357482910156e+00,1.971637904644012451e-01,3.808319091796875000e+00,3.203769445419311523e+00
7.187227249145507812e+00,1.993874758481979370e-01,3.806872844696044922e+00,3.180966854095458984e+00
7.154986381530761719e+00,1.848041862249374390e-01,3.801719665527343750e+00,3.168462276458740234e+00
7.121025562286376953e+00,1.916830092668533325e-01,3.767296552658081055e+00,3.162045955657958984e+00
7.092907905578613281e+00,1.664262413978576660e-01,3.756255626678466797e+00,3.170225858688354492e+00
7.076890945434570312e+00,1.696785241365432739e-01,3.746639728546142578e+00,3.160572767257690430e+00
7.064050197601318359e+00,1.633904725313186646e-01,3.746489286422729492e+00,3.154170513153076172e+00
7.050517082214355469e+00,1.487846076488494873e-01,3.763156652450561523e+00,3.138576030731201172e+00
7.034418106079101562e+00,1.429967731237411499e-01,3.776279211044311523e+00,3.115142107009887695e+00
7.018691539764404297e+00,1.350259780883789062e-01,3.789291381835937500e+00,3.094374179840087891e+00
6.998831272125244141e+00,1.415788829326629639e-01,3.771940708160400391e+00,3.085311651229858398e+00
6.973131179809570312e+00,1.493609100580215454e-01,3.734341621398925781e+00,3.089428424835205078e+00
6.958796024322509766e+00,1.471179276704788208e-01,3.728620052337646484e+00,3.083058118820190430e+00
6.946800231933593750e+00,1.453599929809570312e-01,3.735050201416015625e+00,3.066390275955200195e+00
6.930126190185546875e+00,1.385065019130706787e-01,3.734229326248168945e+00,3.057390689849853516e+00
6.926273345947265625e+00,1.536463946104049683e-01,3.740360736846923828e+00,3.032266139984130859e+00
6.920553207397460938e+00,1.405107527971267700e-01,3.736670494079589844e+00,3.043372154235839844e+00
6.905867576599121094e+00,1.258428841829299927e-01,3.743471860885620117e+00,3.036553144454956055e+00
6.896315574645996094e+00,1.241969019174575806e-01,3.745817899703979492e+00,3.026300668716430664e+00
6.890571594238281250e+00,1.231435090303421021e-01,3.744359731674194336e+00,3.023068666458129883e+00
6.884042739868164062e+00,1.275105625391006470e-01,3.736847877502441406e+00,3.019684314727783203e+00
6.871526718139648438e+00,1.347305327653884888e-01,3.721306324005126953e+00,3.015490055084228516e+00
6.851104736328125000e+00,1.443855911493301392e-01,3.696856975555419922e+00,3.009861946105957031e+00
6.833171844482421875e+00,2.031890302896499634e-01,3.663987636566162109e+00,2.965995311737060547e+00
6.826129913330078125e+00,1.588435620069503784e-01,3.681063175201416016e+00,2.986222982406616211e+00
6.903911113739013672e+00,2.571714520454406738e-01,3.628547906875610352e+00,3.018191814422607422e+00
6.798876762390136719e+00,1.683731526136398315e-01,3.656098604202270508e+00,2.974404811859130859e+00
6.796360015869140625e+00,2.049334943294525146e-01,3.659671068191528320e+00,2.931755781173706055e+00
6.785921573638916016e+00,1.785658299922943115e-01,3.655021905899047852e+00,2.952333927154541016e+00
6.767889976501464844e+00,1.765207499265670776e-01,3.698515892028808594e+00,2.892853498458862305e+00
6.754859924316406250e+00,1.813106238842010498e-01,3.679144144058227539e+00,2.894405126571655273e+00
6.748381614685058594e+00,1.746703386306762695e-01,3.660679578781127930e+00,2.913031578063964844e+00
6.739719390869140625e+00,1.785153597593307495e-01,3.665704011917114258e+00,2.895499944686889648e+00
6.721361160278320312e+00,1.931378990411758423e-01,3.666610956192016602e+00,2.861612558364868164e+00
6.706185340881347656e+00,1.912649869918823242e-01,3.666532993316650391e+00,2.848387479782104492e+00
6.692749023437500000e+00,2.053859680891036987e-01,3.669462680816650391e+00,2.817900180816650391e+00
6.676610946655273438e+00,2.085447907447814941e-01,3.660898923873901367e+00,2.807167530059814453e+00
6.653797149658203125e+00,2.039574831724166870e-01,3.667688608169555664e+00,2.782150983810424805e+00
6.627704620361328125e+00,1.970223039388656616e-01,3.653559684753417969e+00,2.777122974395751953e+00
6.582773208618164062e+00,1.803766340017318726e-01,3.646754264831542969e+00,2.755642414093017578e+00
6.493834972381591797e+00,1.465207338333129883e-01,3.639051437377929688e+00,2.708262920379638672e+00
6.725621032714843750e+01,2.666143608093261719e+01,1.209477806091308594e+01,2.849999427795410156e+01
6.517002582550048828e+00,1.582617163658142090e-01,3.667001247406005859e+00,2.691739559173583984e+00
6.470574378967285156e+00,1.366422623395919800e-01,3.645455121994018555e+00,2.688476800918579102e+00
6.421080589294433594e+00,1.343826651573181152e-01,3.594493150711059570e+00,2.692204475402832031e+00
6.409172058105468750e+00,1.338666230440139771e-01,3.553014516830444336e+00,2.722291231155395508e+00
6.395969390869140625e+00,1.226522102952003479e-01,3.531993865966796875e+00,2.741322994232177734e+00
6.376191139221191406e+00,1.316604167222976685e-01,3.529344320297241211e+00,2.715186595916748047e+00
6.360805511474609375e+00,1.148483306169509888e-01,3.528141021728515625e+00,2.717816114425659180e+00
6.349111557006835938e+00,1.071836277842521667e-01,3.510476112365722656e+00,2.731451988220214844e+00
6.337803840637207031e+00,1.134477481245994568e-01,3.485041618347167969e+00,2.739314556121826172e+00
6.336957931518554688e+00,1.130726933479309082e-01,3.466894865036010742e+00,2.756990194320678711e+00
6.329591751098632812e+00,1.100122183561325073e-01,3.477982521057128906e+00,2.741597175598144531e+00
6.324693679809570312e+00,1.072340309619903564e-01,3.487242698669433594e+00,2.730217218399047852e+00
6.318346023559570312e+00,1.078818812966346741e-01,3.485802412033081055e+00,2.724662065505981445e+00
6.313983917236328125e+00,1.211228221654891968e-01,3.482965946197509766e+00,2.709894895553588867e+00
6.308596611022949219e+00,1.157311275601387024e-01,3.471680164337158203e+00,2.721185445785522461e+00
6.307339668273925781e+00,1.155549734830856323e-01,3.468699693679809570e+00,2.723085165023803711e+00
6.305026531219482422e+00,1.163994371891021729e-01,3.466104745864868164e+00,2.722522258758544922e+00
6.304286956787109375e+00,1.279762536287307739e-01,3.460818290710449219e+00,2.715492486953735352e+00
6.298815250396728516e+00,1.217268854379653931e-01,3.464223384857177734e+00,2.712864875793457031e+00
6.294219017028808594e+00,1.214286983013153076e-01,3.463540554046630859e+00,2.709249973297119141e+00
6.290155410766601562e+00,1.201655492186546326e-01,3.468898773193359375e+00,2.701091289520263672e+00
6.287055969238281250e+00,1.256765425205230713e-01,3.468028068542480469e+00,2.693351268768310547e+00
6.282684326171875000e+00,1.222192496061325073e-01,3.466147899627685547e+00,2.694317340850830078e+00
6.274580001831054688e+00,1.220920458436012268e-01,3.458225011825561523e+00,2.694262981414794922e+00
6.263046264648437500e+00,1.261063963174819946e-01,3.430548429489135742e+00,2.706391334533691406e+00
6.257813453674316406e+00,1.336671113967895508e-01,3.406844615936279297e+00,2.717302083969116211e+00
6.268349170684814453e+00,1.713193655014038086e-01,3.366697549819946289e+00,2.730332374572753906e+00
6.252074241638183594e+00,1.402838677167892456e-01,3.390270948410034180e+00,2.721519231796264648e+00
6.245805740356445312e+00,1.348565667867660522e-01,3.358962535858154297e+00,2.751986742019653320e+00
6.237428665161132812e+00,1.296093463897705078e-01,3.371259450912475586e+00,2.736559629440307617e+00
6.232584953308105469e+00,1.348577141761779785e-01,3.369057655334472656e+00,2.728669404983520508e+00
6.226006507873535156e+00,1.332588791847229004e-01,3.360231399536132812e+00,2.732516288757324219e+00
6.225203514099121094e+00,1.436670869588851929e-01,3.337876796722412109e+00,2.743659973144531250e+00
6.212900638580322266e+00,1.280066817998886108e-01,3.351479530334472656e+00,2.733414411544799805e+00
6.205100059509277344e+00,1.299290359020233154e-01,3.347029685974121094e+00,2.728141307830810547e+00
6.218761444091796875e+00,1.305674761533737183e-01,3.379566192626953125e+00,2.708627700805664062e+00
6.196979522705078125e+00,1.212474256753921509e-01,3.357645273208618164e+00,2.718086957931518555e+00
6.190594673156738281e+00,1.158327162265777588e-01,3.363433122634887695e+00,2.711328506469726562e+00
6.184959411621093750e+00,1.106883510947227478e-01,3.368362188339233398e+00,2.705908775329589844e+00
6.181855678558349609e+00,1.058585345745086670e-01,3.377562046051025391e+00,2.698435068130493164e+00
6.181444644927978516e+00,1.027774736285209656e-01,3.374671220779418945e+00,2.703995943069458008e+00
6.179874420166015625e+00,1.020500585436820984e-01,3.372358798980712891e+00,2.705465316772460938e+00
6.179105758666992188e+00,9.935410320758819580e-02,3.372541666030883789e+00,2.707210302352905273e+00
6.179146766662597656e+00,9.818030148744583130e-02,3.370587348937988281e+00,2.710379362106323242e+00
6.179112434387207031e+00,9.872627258300781250e-02,3.371790885925292969e+00,2.708595514297485352e+00
6.179235458374023438e+00,9.916367381811141968e-02,3.372428178787231445e+00,2.707643508911132812e+00
6.179474353790283203e+00,9.941802173852920532e-02,3.372551918029785156e+00,2.707504510879516602e+00
6.179174900054931641e+00,9.932842105627059937e-02,3.372579574584960938e+00,2.707266807556152344e+00
6.179105758666992188e+00,9.935410320758819580e-02,3.372541666030883789e+00,2.707210302352905273e+00
6.179105758666992188e+00,9.935410320758819580e-02,3.372541666030883789e+00,2.707210302352905273e+00
6.179105758666992188e+00,9.935410320758819580e-02,3.372541666030883789e+00,2.707210302352905273e+00
6.179105758666992188e+00,9.935410320758819580e-02,3.372541666030883789e+00,2.707210302352905273e+00
6.179105758666992188e+00,9.935410320758819580e-02,3.372541666030883789e+00,2.707210302352905273e+00
6.179105758666992188e+00,9.935410320758819580e-02,3.372541666030883789e+00,2.707210302352905273e+00
6.179105758666992188e+00,9.935410320758819580e-02,3.372541666030883789e+00,2.707210302352905273e+00
