8.554877000000000000e+06,6.464029500000000000e+06,8.377535625000000000e+05,1.253094250000000000e+06
1.365549750000000000e+06,1.017188125000000000e+05,8.048999375000000000e+05,4.589310000000000000e+05
3.876363000000000000e+06,2.998895750000000000e+06,7.701821875000000000e+05,1.072851093750000000e+05
4.493166500000000000e+06,3.823215250000000000e+06,6.351766875000000000e+05,3.477459765625000000e+04
2.590315750000000000e+06,2.039928000000000000e+06,5.190519062500000000e+05,3.133577148437500000e+04
9.889448750000000000e+05,4.466003750000000000e+05,4.931466562500000000e+05,4.919788281250000000e+04
8.531983125000000000e+05,2.274748437500000000e+05,5.523541250000000000e+05,7.336932812500000000e+04
1.623956000000000000e+06,9.041301875000000000e+05,6.362378750000000000e+05,8.358800781250000000e+04
2.155967750000000000e+06,1.405839125000000000e+06,6.824667500000000000e+05,6.766178906250000000e+04
1.956955750000000000e+06,1.251851625000000000e+06,6.700607500000000000e+05,3.504338281250000000e+04
1.319385125000000000e+06,6.995482500000000000e+05,6.125779375000000000e+05,7.258926269531250000e+03
7.703861250000000000e+05,2.331535000000000000e+05,5.356081250000000000e+05,1.624528808593750000e+03
6.266723125000000000e+05,1.424091250000000000e+05,4.623350000000000000e+05,2.192817968750000000e+04
8.452395000000000000e+05,3.807999687500000000e+05,4.069345000000000000e+05,5.750498046875000000e+04
1.139772875000000000e+06,6.761805000000000000e+05,3.733519687500000000e+05,9.024042187500000000e+04
1.241908250000000000e+06,7.777690625000000000e+05,3.584160312500000000e+05,1.057230781250000000e+05
1.088230375000000000e+06,6.312320625000000000e+05,3.566553750000000000e+05,1.003429453125000000e+05
8.078596250000000000e+05,3.643606875000000000e+05,3.633641250000000000e+05,8.013483593750000000e+04
5.849127500000000000e+05,1.549875468750000000e+05,3.749934375000000000e+05,5.493176171875000000e+04
5.275590000000000000e+05,1.062892421875000000e+05,3.883689687500000000e+05,3.290080078125000000e+04
6.174668750000000000e+05,1.992557656250000000e+05,4.003229375000000000e+05,1.788821484375000000e+04
7.483371250000000000e+05,3.303401562500000000e+05,4.082583437500000000e+05,9.738635742187500000e+03
8.121386875000000000e+05,3.946170625000000000e+05,4.111099687500000000e+05,6.411704101562500000e+03
7.682328125000000000e+05,3.523582812500000000e+05,4.097549375000000000e+05,6.119576171875000000e+03
6.538818750000000000e+05,2.392785468750000000e+05,4.064068125000000000e+05,8.196485351562500000e+03
5.437595000000000000e+05,1.277645234375000000e+05,4.033673437500000000e+05,1.262760644531250000e+04
4.958558750000000000e+05,7.489472656250000000e+04,4.019087812500000000e+05,1.905237500000000000e+04
5.186970625000000000e+05,9.065839843750000000e+04,4.018883125000000000e+05,2.615034765625000000e+04
5.749795000000000000e+05,1.408808593750000000e+05,4.022268125000000000e+05,3.187181835937500000e+04
6.133506250000000000e+05,1.771359531250000000e+05,4.018695000000000000e+05,3.434518359375000000e+04
6.037755625000000000e+05,1.703891562500000000e+05,4.005723750000000000e+05,3.281407031250000000e+04
5.529072500000000000e+05,1.259075078125000000e+05,3.990392500000000000e+05,2.796047656250000000e+04
4.930997500000000000e+05,7.323252343750000000e+04,3.984118750000000000e+05,2.145533789062500000e+04
4.571791875000000000e+05,4.256963671875000000e+04,3.995057500000000000e+05,1.510382812500000000e+04
4.575776250000000000e+05,4.518068359375000000e+04,4.022670625000000000e+05,1.012986914062500000e+04
4.820436250000000000e+05,6.936050000000000000e+04,4.057399062500000000e+05,6.943228027343750000e+03
5.057832812500000000e+05,9.187987500000000000e+04,4.085248750000000000e+05,5.378531250000000000e+03
5.095860000000000000e+05,9.502257812500000000e+04,4.094411875000000000e+05,5.122250488281250000e+03
4.912261562500000000e+05,7.720762500000000000e+04,4.080210937500000000e+05,5.997449707031250000e+03
4.638443437500000000e+05,5.127919140625000000e+04,4.046154062500000000e+05,7.949735839843750000e+03
4.445797812500000000e+05,3.361619531250000000e+04,4.001413125000000000e+05,1.082227734375000000e+04
4.424797500000000000e+05,3.265582031250000000e+04,3.956741250000000000e+05,1.414982421875000000e+04
4.537117500000000000e+05,4.444079296875000000e+04,3.921035000000000000e+05,1.716747656250000000e+04
4.661585937500000000e+05,5.712339062500000000e+04,3.899707500000000000e+05,1.906447851562500000e+04
4.689458750000000000e+05,6.014398046875000000e+04,3.894696875000000000e+05,1.933220898437500000e+04
4.596648437500000000e+05,5.116326171875000000e+04,3.905163125000000000e+05,1.798528320312500000e+04
4.446375000000000000e+05,3.631031250000000000e+04,3.928036250000000000e+05,1.552356250000000000e+04
4.331126562500000000e+05,2.460595312500000000e+04,3.958286250000000000e+05,1.267809960937500000e+04
4.303815937500000000e+05,2.133145117187500000e+04,3.989406875000000000e+05,1.010946191406250000e+04
4.347709687500000000e+05,2.508963281250000000e+04,4.014577812500000000e+05,8.223559570312500000e+03
4.400073437500000000e+05,3.000379101562500000e+04,4.028399375000000000e+05,7.163628906250000000e+03
4.404533125000000000e+05,3.068995312500000000e+04,4.028467187500000000e+05,6.916609375000000000e+03
4.350454375000000000e+05,2.603144140625000000e+04,4.015950000000000000e+05,7.418998046875000000e+03
4.273039375000000000e+05,1.923754101562500000e+04,3.994822187500000000e+05,8.584174804687500000e+03
4.220088125000000000e+05,1.473350488281250000e+04,3.970174687500000000e+05,1.025784277343750000e+04
4.214712812500000000e+05,1.464871777343750000e+04,3.946504375000000000e+05,1.217213671875000000e+04
4.241986250000000000e+05,1.755691992187500000e+04,3.926743125000000000e+05,1.396741699218750000e+04
4.265907812500000000e+05,2.007483007812500000e+04,3.912225000000000000e+05,1.529344335937500000e+04
4.259580000000000000e+05,1.970307226562500000e+04,3.903189062500000000e+05,1.593604492187500000e+04
4.223912500000000000e+05,1.657498046875000000e+04,3.899228437500000000e+05,1.589344433593750000e+04
4.182328125000000000e+05,1.293680957031250000e+04,3.899354062500000000e+05,1.536057812500000000e+04
4.159131250000000000e+05,1.109010937500000000e+04,3.901831875000000000e+05,1.463982519531250000e+04
4.160629062500000000e+05,1.160775781250000000e+04,3.904206562500000000e+05,1.403451367187500000e+04
4.173189687500000000e+05,1.316468164062500000e+04,3.903792500000000000e+05,1.377503320312500000e+04
4.177182187500000000e+05,1.387605078125000000e+04,3.898518437500000000e+05,1.399030371093750000e+04
4.163446875000000000e+05,1.286826269531250000e+04,3.887706250000000000e+05,1.470581835937500000e+04
4.138845937500000000e+05,1.080435156250000000e+04,3.872350937500000000e+05,1.584514648437500000e+04
4.118113437500000000e+05,9.102436523437500000e+03,3.854768125000000000e+05,1.723209570312500000e+04
4.110647812500000000e+05,8.671390625000000000e+03,3.837826875000000000e+05,1.861070507812500000e+04
4.113699687500000000e+05,9.257892578125000000e+03,3.824131562500000000e+05,1.969890625000000000e+04
4.116561562500000000e+05,9.842732421875000000e+03,3.815451562500000000e+05,2.026827929687500000e+04
4.110649687500000000e+05,9.601247070312500000e+03,3.812460000000000000e+05,2.021772460937500000e+04
4.096239062500000000e+05,8.548663085937500000e+03,3.814714062500000000e+05,1.960383007812500000e+04
4.080765625000000000e+05,7.384011230468750000e+03,3.820793750000000000e+05,1.861318945312500000e+04
4.071407500000000000e+05,6.788843261718750000e+03,3.828589375000000000e+05,1.749298046875000000e+04
4.069087812500000000e+05,6.857140625000000000e+03,3.835764687500000000e+05,1.647516601562500000e+04
4.068754375000000000e+05,7.118727050781250000e+03,3.840325312500000000e+05,1.572418945312500000e+04
4.064716875000000000e+05,7.041625000000000000e+03,3.841125000000000000e+05,1.531755468750000000e+04
4.055662500000000000e+05,6.504761718750000000e+03,3.838109062500000000e+05,1.525060546875000000e+04
4.045059375000000000e+05,5.834973144531250000e+03,3.832186875000000000e+05,1.545229199218750000e+04
4.037319062500000000e+05,5.443971191406250000e+03,3.824819375000000000e+05,1.580601367187500000e+04
4.033748437500000000e+05,5.446805175781250000e+03,3.817515000000000000e+05,1.617653320312500000e+04
4.031882812500000000e+05,5.602302734375000000e+03,3.811425937500000000e+05,1.644336718750000000e+04
4.028270625000000000e+05,5.579858886718750000e+03,3.807138750000000000e+05,1.653335546875000000e+04
4.021689062500000000e+05,5.265116210937500000e+03,3.804638750000000000e+05,1.643989843750000000e+04
4.013838125000000000e+05,4.825543457031250000e+03,3.803380625000000000e+05,1.622020996093750000e+04
4.007304687500000000e+05,4.514460449218750000e+03,3.802438125000000000e+05,1.597219335937500000e+04
4.003058750000000000e+05,4.431244140625000000e+03,3.800726875000000000e+05,1.580194921875000000e+04
3.999846875000000000e+05,4.461371582031250000e+03,3.797285937500000000e+05,1.579470410156250000e+04
3.995726875000000000e+05,4.420992675781250000e+03,3.791555625000000000e+05,1.599613769531250000e+04
3.989990312500000000e+05,4.239294433593750000e+03,3.783549062500000000e+05,1.640485546875000000e+04
3.983619375000000000e+05,4.003329589843750000e+03,3.773846250000000000e+05,1.697395312500000000e+04
3.978087500000000000e+05,3.846358642578125000e+03,3.763413125000000000e+05,1.762108203125000000e+04
3.973897187500000000e+05,3.810447021484375000e+03,3.753321875000000000e+05,1.824709570312500000e+04
3.970262812500000000e+05,3.818348876953125000e+03,3.744468750000000000e+05,1.876106640625000000e+04
3.966071250000000000e+05,3.764495605468750000e+03,3.737378437500000000e+05,1.910477734375000000e+04
3.960988750000000000e+05,3.619593505859375000e+03,3.732117812500000000e+05,1.926749218750000000e+04
3.955640625000000000e+05,3.446434570312500000e+03,3.728324375000000000e+05,1.928519921875000000e+04
3.950839375000000000e+05,3.325380126953125000e+03,3.725335000000000000e+05,1.922505273437500000e+04
3.946758437500000000e+05,3.275699707031250000e+03,3.722379062500000000e+05,1.916225390625000000e+04
3.942877812500000000e+05,3.249135253906250000e+03,3.718806250000000000e+05,1.915803125000000000e+04
3.938605312500000000e+05,3.189886230468750000e+03,3.714255937500000000e+05,1.924505273437500000e+04
3.933877500000000000e+05,3.091150146484375000e+03,3.708740937500000000e+05,1.942248437500000000e+04
3.929127812500000000e+05,2.993106201171875000e+03,3.702594375000000000e+05,1.966023632812500000e+04
3.924775000000000000e+05,2.934177490234375000e+03,3.696329687500000000e+05,1.991033984375000000e+04
3.920805000000000000e+05,2.911996337890625000e+03,3.690457500000000000e+05,2.012274414062500000e+04
3.916861562500000000e+05,2.891729003906250000e+03,3.685333125000000000e+05,2.026111914062500000e+04
3.912659687500000000e+05,2.845723388671875000e+03,3.681063125000000000e+05,2.031392382812500000e+04
3.908259062500000000e+05,2.779603759765625000e+03,3.677492500000000000e+05,2.029705078125000000e+04
3.903945312500000000e+05,2.720663818359375000e+03,3.674265000000000000e+05,2.024736523437500000e+04
3.899893125000000000e+05,2.686764404296875000e+03,3.670923125000000000e+05,2.021023437500000000e+04
3.896011875000000000e+05,2.670576904296875000e+03,3.667048125000000000e+05,2.022582226562500000e+04
3.892082500000000000e+05,2.652528076171875000e+03,3.662372500000000000e+05,2.031845898437500000e+04
3.888006875000000000e+05,2.623845703125000000e+03,3.656853437500000000e+05,2.049150000000000000e+04
3.883889062500000000e+05,2.593911132812500000e+03,3.650667812500000000e+05,2.072820898437500000e+04
3.879891875000000000e+05,2.576669433593750000e+03,3.644146250000000000e+05,2.099790820312500000e+04
3.876059687500000000e+05,2.573921142578125000e+03,3.637665312500000000e+05,2.126552539062500000e+04
3.872287187500000000e+05,2.573898437500000000e+03,3.631529062500000000e+05,2.150191015625000000e+04
3.868459687500000000e+05,2.564475830078125000e+03,3.625895625000000000e+05,2.169194921875000000e+04
3.864575625000000000e+05,2.545143554687500000e+03,3.620746250000000000e+05,2.183779492187500000e+04
3.860724375000000000e+05,2.525407470703125000e+03,3.615906562500000000e+05,2.195638671875000000e+04
3.856977500000000000e+05,2.513585449218750000e+03,3.611115625000000000e+05,2.207257812500000000e+04
3.853312812500000000e+05,2.509251220703125000e+03,3.606115312500000000e+05,2.221050390625000000e+04
3.849657187500000000e+05,2.506371093750000000e+03,3.600731875000000000e+05,2.238615625000000000e+04
3.845971875000000000e+05,2.501521728515625000e+03,3.594924062500000000e+05,2.260326562500000000e+04
3.842290937500000000e+05,2.497194335937500000e+03,3.588785937500000000e+05,2.285332226562500000e+04
3.838671875000000000e+05,2.497536132812500000e+03,3.582504687500000000e+05,2.311920117187500000e+04
3.835129062500000000e+05,2.502590332031250000e+03,3.576291250000000000e+05,2.338119531250000000e+04
3.831626562500000000e+05,2.508026611328125000e+03,3.570310625000000000e+05,2.362357617187500000e+04
3.828127187500000000e+05,2.509932617187500000e+03,3.564635312500000000e+05,2.383924414062500000e+04
3.824633750000000000e+05,2.508815185546875000e+03,3.559230937500000000e+05,2.403147460937500000e+04
3.821178750000000000e+05,2.508458251953125000e+03,3.553975000000000000e+05,2.421191796875000000e+04
3.817783750000000000e+05,2.511727539062500000e+03,3.548705625000000000e+05,2.439608398437500000e+04
3.814437812500000000e+05,2.518208984375000000e+03,3.543275625000000000e+05,2.459798828125000000e+04
3.811113125000000000e+05,2.525803466796875000e+03,3.537597812500000000e+05,2.482572460937500000e+04
3.807803125000000000e+05,2.533645019531250000e+03,3.531673750000000000e+05,2.507926562500000000e+04
3.804522812500000000e+05,2.542748046875000000e+03,3.525585312500000000e+05,2.535098632812500000e+04
3.801289687500000000e+05,2.554098388671875000e+03,3.519463125000000000e+05,2.562856445312500000e+04
3.798105625000000000e+05,2.566941162109375000e+03,3.513445000000000000e+05,2.589911132812500000e+04
3.794954062500000000e+05,2.579327392578125000e+03,3.507628750000000000e+05,2.615321679687500000e+04
3.791825312500000000e+05,2.590077148437500000e+03,3.502048750000000000e+05,2.638758984375000000e+04
3.788726250000000000e+05,2.599794921875000000e+03,3.496673750000000000e+05,2.660547070312500000e+04
3.785668750000000000e+05,2.609967529296875000e+03,3.491420312500000000e+05,2.681486718750000000e+04
3.782655000000000000e+05,2.621413574218750000e+03,3.486186875000000000e+05,2.702540625000000000e+04
3.779679687500000000e+05,2.633873535156250000e+03,3.480890625000000000e+05,2.724501953125000000e+04
3.776732500000000000e+05,2.646820800781250000e+03,3.475489375000000000e+05,2.747750390625000000e+04
3.773816875000000000e+05,2.660284179687500000e+03,3.469996250000000000e+05,2.772177929687500000e+04
3.770938750000000000e+05,2.674574218750000000e+03,3.464464375000000000e+05,2.797287109375000000e+04
3.768101562500000000e+05,2.689558593750000000e+03,3.458965625000000000e+05,2.822403515625000000e+04
3.765303437500000000e+05,2.704467773437500000e+03,3.453563750000000000e+05,2.846949218750000000e+04
3.762537812500000000e+05,2.718526611328125000e+03,3.448288750000000000e+05,2.870636132812500000e+04
3.759804062500000000e+05,2.731650878906250000e+03,3.443131250000000000e+05,2.893562890625000000e+04
3.757106875000000000e+05,2.744422363281250000e+03,3.438046250000000000e+05,2.916162109375000000e+04
3.754446875000000000e+05,2.757493164062500000e+03,3.432969062500000000e+05,2.939028710937500000e+04
3.751825625000000000e+05,2.771124267578125000e+03,3.427843437500000000e+05,2.962708398437500000e+04
3.749236875000000000e+05,2.785252929687500000e+03,3.422632500000000000e+05,2.987519726562500000e+04
3.746681875000000000e+05,2.799790039062500000e+03,3.417337812500000000e+05,3.013462109375000000e+04
3.744161250000000000e+05,2.814736816406250000e+03,3.411990000000000000e+05,3.040237304687500000e+04
3.741675625000000000e+05,2.829950439453125000e+03,3.406639375000000000e+05,3.067367382812500000e+04
3.739226250000000000e+05,2.845041259765625000e+03,3.401339687500000000e+05,3.094363281250000000e+04
3.736810937500000000e+05,2.859580810546875000e+03,3.396127187500000000e+05,3.120876757812500000e+04
3.734426562500000000e+05,2.873410156250000000e+03,3.391013437500000000e+05,3.146791796875000000e+04
3.732075625000000000e+05,2.886729492187500000e+03,3.385985312500000000e+05,3.172230664062500000e+04
3.729758750000000000e+05,2.899905517578125000e+03,3.381012812500000000e+05,3.197467382812500000e+04
3.727474375000000000e+05,2.913193359375000000e+03,3.376062500000000000e+05,3.222800390625000000e+04
3.725222500000000000e+05,2.926674560546875000e+03,3.371112187500000000e+05,3.248435546875000000e+04
3.723001250000000000e+05,2.940327880859375000e+03,3.366156875000000000e+05,3.274411718750000000e+04
3.720810625000000000e+05,2.954096679687500000e+03,3.361210625000000000e+05,3.300589062500000000e+04
3.718650625000000000e+05,2.967862304687500000e+03,3.356300000000000000e+05,3.326719531250000000e+04
3.716522500000000000e+05,2.981392333984375000e+03,3.351455000000000000e+05,3.352535546875000000e+04
3.714423125000000000e+05,2.994446533203125000e+03,3.346693437500000000e+05,3.377851562500000000e+04
3.712352500000000000e+05,3.006909423828125000e+03,3.342021562500000000e+05,3.402620312500000000e+04
3.710309687500000000e+05,3.018878173828125000e+03,3.337425937500000000e+05,3.426950000000000000e+04
3.708295625000000000e+05,3.030542480468750000e+03,3.332886250000000000e+05,3.451042187500000000e+04
3.706309375000000000e+05,3.042092285156250000e+03,3.328376562500000000e+05,3.475117578125000000e+04
3.704349375000000000e+05,3.053621093750000000e+03,3.323879375000000000e+05,3.499337500000000000e+04
3.702415625000000000e+05,3.065137939453125000e+03,3.319389062500000000e+05,3.523751953125000000e+04
3.700506875000000000e+05,3.076608642578125000e+03,3.314911875000000000e+05,3.548291406250000000e+04
3.698623750000000000e+05,3.087924072265625000e+03,3.310464687500000000e+05,3.572797656250000000e+04
3.696764687500000000e+05,3.098926269531250000e+03,3.306065937500000000e+05,3.597092968750000000e+04
3.694928750000000000e+05,3.109476806640625000e+03,3.301730000000000000e+05,3.621040625000000000e+04
3.693115937500000000e+05,3.119501464843750000e+03,3.297462500000000000e+05,3.644584765625000000e+04
3.691325000000000000e+05,3.129075927734375000e+03,3.293258125000000000e+05,3.667762890625000000e+04
3.689556875000000000e+05,3.138299316406250000e+03,3.289106562500000000e+05,3.690670703125000000e+04
3.687808125000000000e+05,3.147321044921875000e+03,3.284992812500000000e+05,3.713421875000000000e+04
3.686080625000000000e+05,3.156211425781250000e+03,3.280909062500000000e+05,3.736093750000000000e+04
3.684372500000000000e+05,3.164999267578125000e+03,3.276852500000000000e+05,3.758700000000000000e+04
3.682683750000000000e+05,3.173644775390625000e+03,3.272828750000000000e+05,3.781183984375000000e+04
3.681012812500000000e+05,3.182081054687500000e+03,3.268846875000000000e+05,3.803448828125000000e+04
3.679359375000000000e+05,3.190195556640625000e+03,3.264919062500000000e+05,3.825384375000000000e+04
3.677722812500000000e+05,3.197929931640625000e+03,3.261051562500000000e+05,3.846918750000000000e+04
3.676102812500000000e+05,3.205244873046875000e+03,3.257246875000000000e+05,3.868033593750000000e+04
3.674498125000000000e+05,3.212195068359375000e+03,3.253499687500000000e+05,3.888766796875000000e+04
3.672909062500000000e+05,3.218871582031250000e+03,3.249801250000000000e+05,3.909190234375000000e+04
3.671333750000000000e+05,3.225348632812500000e+03,3.246142187500000000e+05,3.929380468750000000e+04
3.669772187500000000e+05,3.231694335937500000e+03,3.242516875000000000e+05,3.949385156250000000e+04
3.668223750000000000e+05,3.237911621093750000e+03,3.238924062500000000e+05,3.969205859375000000e+04
3.666687500000000000e+05,3.243982910156250000e+03,3.235367187500000000e+05,3.988805078125000000e+04
3.665163125000000000e+05,3.249843505859375000e+03,3.231853437500000000e+05,4.008112890625000000e+04
3.663650000000000000e+05,3.255426269531250000e+03,3.228389062500000000e+05,4.027066796875000000e+04
3.662147812500000000e+05,3.260707031250000000e+03,3.224978750000000000e+05,4.045619140625000000e+04
3.660654687500000000e+05,3.265684814453125000e+03,3.221621250000000000e+05,4.063764453125000000e+04
2.382279750000000000e+06,3.415850312500000000e+05,3.925010312500000000e+05,1.648193750000000000e+06
3.653508125000000000e+05,3.899632812500000000e+03,3.116136875000000000e+05,4.983749218750000000e+04
3.649923125000000000e+05,4.192030273437500000e+03,3.086520937500000000e+05,5.214819140625000000e+04
3.645885937500000000e+05,3.795259033203125000e+03,3.108407500000000000e+05,4.995258203125000000e+04
3.641380000000000000e+05,3.805533691406250000e+03,3.110648437500000000e+05,4.926762890625000000e+04
3.619991875000000000e+05,4.830203125000000000e+03,3.081704375000000000e+05,4.899856250000000000e+04
3.595574062500000000e+05,7.362203613281250000e+03,2.991095312500000000e+05,5.308565234375000000e+04
3.569230625000000000e+05,1.261743652343750000e+04,2.841746250000000000e+05,6.013098828125000000e+04
3.559140625000000000e+05,1.248950585937500000e+04,2.829486875000000000e+05,6.047587109375000000e+04
3.539661562500000000e+05,1.090099121093750000e+04,2.847906875000000000e+05,5.827447656250000000e+04
3.516056562500000000e+05,1.168521484375000000e+04,2.816763125000000000e+05,5.824412890625000000e+04
3.459195312500000000e+05,1.391741113281250000e+04,2.824874687500000000e+05,4.951466796875000000e+04
3.392242187500000000e+05,7.085498535156250000e+03,2.852121875000000000e+05,4.692653125000000000e+04
3.312192812500000000e+05,1.199115917968750000e+04,2.714317500000000000e+05,4.779638671875000000e+04
3.188677187500000000e+05,1.838361132812500000e+04,2.578869218750000000e+05,4.259719140625000000e+04
3.079403437500000000e+05,1.443175878906250000e+04,2.441512031250000000e+05,4.935738281250000000e+04
3.024216250000000000e+05,1.774289062500000000e+04,2.305806562500000000e+05,5.409808593750000000e+04
2.899436562500000000e+05,1.844117578125000000e+04,2.060201562500000000e+05,6.548233203125000000e+04
2.860036250000000000e+05,3.627092968750000000e+04,1.240597187500000000e+05,1.256729687500000000e+05
2.738991875000000000e+05,2.049678710937500000e+04,1.656346875000000000e+05,8.776771093750000000e+04
2.578228593750000000e+05,2.268435742187500000e+04,1.350355312500000000e+05,1.001029687500000000e+05
2.430736406250000000e+05,1.670889843750000000e+04,1.177099218750000000e+05,1.086548281250000000e+05
2.183889531250000000e+05,9.976822265625000000e+03,1.034920859375000000e+05,1.049200468750000000e+05
1.985737500000000000e+05,2.239284570312500000e+04,1.148507890625000000e+05,6.133010156250000000e+04
1.848383593750000000e+05,1.265134667968750000e+04,1.139107812500000000e+05,5.827623046875000000e+04
1.833393125000000000e+05,1.388889257812500000e+04,1.155233984375000000e+05,5.392702734375000000e+04
1.748447968750000000e+05,9.039697265625000000e+03,1.141952031250000000e+05,5.160989453125000000e+04
1.657154062500000000e+05,8.911870117187500000e+03,1.122916484375000000e+05,4.451189843750000000e+04
1.586958125000000000e+05,8.832111328125000000e+03,1.133870000000000000e+05,3.647669531250000000e+04
1.519868281250000000e+05,9.660561523437500000e+03,1.152360625000000000e+05,2.709020312500000000e+04
1.465938437500000000e+05,1.110842382812500000e+04,1.078369687500000000e+05,2.764844921875000000e+04
1.419747187500000000e+05,1.386514355468750000e+04,9.849978125000000000e+04,2.960980078125000000e+04
1.369909375000000000e+05,1.422021875000000000e+04,9.117665625000000000e+04,3.159406835937500000e+04
1.267927343750000000e+05,1.130011328125000000e+04,8.306269531250000000e+04,3.242992187500000000e+04
1.177661640625000000e+05,8.356314453125000000e+03,7.813317968750000000e+04,3.127667382812500000e+04
1.147473281250000000e+05,7.686896484375000000e+03,7.644316406250000000e+04,3.061726367187500000e+04
1.131323281250000000e+05,7.402125976562500000e+03,7.578757812500000000e+04,2.994262304687500000e+04
1.120820000000000000e+05,6.083840332031250000e+03,7.560903125000000000e+04,3.038912109375000000e+04
1.107078203125000000e+05,5.805106933593750000e+03,7.528665625000000000e+04,2.961605664062500000e+04
1.095210546875000000e+05,5.411480468750000000e+03,7.456203906250000000e+04,2.954753710937500000e+04
1.086552187500000000e+05,4.900395996093750000e+03,7.417864843750000000e+04,2.957616796875000000e+04
1.068354531250000000e+05,5.344415039062500000e+03,7.244245312500000000e+04,2.904858593750000000e+04
1.055401640625000000e+05,4.764280761718750000e+03,7.176710156250000000e+04,2.900878320312500000e+04
1.050837187500000000e+05,5.009487304687500000e+03,7.095438281250000000e+04,2.911984960937500000e+04
1.046076015625000000e+05,5.235084960937500000e+03,7.039367187500000000e+04,2.897884179687500000e+04
1.035752031250000000e+05,5.368849609375000000e+03,6.952133593750000000e+04,2.868501562500000000e+04
1.011186406250000000e+05,5.366557617187500000e+03,6.769705468750000000e+04,2.805502734375000000e+04
9.689677343750000000e+04,4.851433593750000000e+03,6.562620312500000000e+04,2.641913085937500000e+04
9.394639843750000000e+04,4.703913085937500000e+03,6.329782421875000000e+04,2.594466601562500000e+04
9.294671875000000000e+04,4.449729003906250000e+03,6.283014843750000000e+04,2.566684179687500000e+04
9.148636718750000000e+04,2.592494140625000000e+03,6.312844140625000000e+04,2.576542968750000000e+04
9.108011718750000000e+04,2.575191650390625000e+03,6.337035546875000000e+04,2.513457031250000000e+04
9.057535156250000000e+04,2.540849121093750000e+03,6.216522656250000000e+04,2.586927734375000000e+04
8.991076562500000000e+04,2.175597412109375000e+03,6.192151562500000000e+04,2.581364843750000000e+04
8.869423437500000000e+04,1.732822387695312500e+03,6.119830859375000000e+04,2.576310546875000000e+04
8.740042968750000000e+04,1.476486938476562500e+03,6.055601953125000000e+04,2.536792187500000000e+04
8.498740625000000000e+04,2.577667968750000000e+03,5.614684765625000000e+04,2.626288867187500000e+04
8.206993750000000000e+04,3.041488769531250000e+03,5.124440234375000000e+04,2.778404882812500000e+04
8.389753125000000000e+04,1.354043359375000000e+04,4.163980859375000000e+04,2.871728515625000000e+04
7.903892187500000000e+04,4.895577148437500000e+03,4.613251953125000000e+04,2.801082031250000000e+04
7.472721875000000000e+04,5.314830566406250000e+03,4.221171484375000000e+04,2.720066796875000000e+04
7.289088281250000000e+04,5.067355468750000000e+03,4.238581640625000000e+04,2.543771289062500000e+04
7.317151562500000000e+04,7.260577636718750000e+03,3.994128515625000000e+04,2.596964843750000000e+04
7.233147656250000000e+04,5.702158203125000000e+03,4.100159375000000000e+04,2.562772656250000000e+04
7.191608593750000000e+04,5.679889160156250000e+03,4.053509375000000000e+04,2.570110351562500000e+04
7.118412500000000000e+04,5.636242187500000000e+03,3.979889843750000000e+04,2.574898437500000000e+04
6.997817968750000000e+04,5.178953613281250000e+03,3.915896093750000000e+04,2.564026562500000000e+04
6.938388281250000000e+04,5.632066406250000000e+03,3.814070312500000000e+04,2.561111132812500000e+04
6.901110937500000000e+04,5.420134765625000000e+03,3.812570312500000000e+04,2.546526953125000000e+04
6.874098437500000000e+04,5.400895507812500000e+03,3.753190234375000000e+04,2.580818750000000000e+04
6.828220312500000000e+04,5.109176269531250000e+03,3.687595703125000000e+04,2.629706835937500000e+04
6.718536718750000000e+04,4.599671875000000000e+03,3.495387500000000000e+04,2.763182031250000000e+04
6.556547656250000000e+04,3.325528564453125000e+03,3.300231250000000000e+04,2.923763867187500000e+04
6.414325000000000000e+04,2.931174804687500000e+03,3.160141015625000000e+04,2.961066601562500000e+04
6.306992187500000000e+04,2.359129150390625000e+03,3.252282421875000000e+04,2.818796875000000000e+04
6.224528906250000000e+04,2.635583007812500000e+03,3.312508203125000000e+04,2.648462500000000000e+04
6.174948828125000000e+04,2.244580078125000000e+03,3.342932421875000000e+04,2.607558203125000000e+04
6.115986718750000000e+04,1.954747314453125000e+03,3.370628515625000000e+04,2.549883593750000000e+04
6.048505859375000000e+04,1.881226440429687500e+03,3.390841406250000000e+04,2.469541796875000000e+04
5.961213281250000000e+04,2.327932861328125000e+03,3.329866796875000000e+04,2.398553320312500000e+04
5.871608984375000000e+04,2.937584228515625000e+03,3.282821875000000000e+04,2.295028515625000000e+04
5.767752734375000000e+04,3.804646728515625000e+03,3.177838476562500000e+04,2.209449609375000000e+04
5.617813281250000000e+04,4.036931396484375000e+03,3.110503515625000000e+04,2.103616601562500000e+04
5.696147656250000000e+04,8.047130859375000000e+03,3.051993945312500000e+04,1.839440625000000000e+04
5.486583593750000000e+04,4.546569335937500000e+03,3.088161914062500000e+04,1.943764648437500000e+04
5.272096875000000000e+04,3.309476562500000000e+03,2.968841210937500000e+04,1.972307812500000000e+04
5.115875781250000000e+04,1.533070068359375000e+03,3.019086328125000000e+04,1.943482226562500000e+04
5.170939843750000000e+04,1.660553833007812500e+03,2.907291601562500000e+04,2.097592968750000000e+04
4.970367187500000000e+04,1.468634033203125000e+03,2.936142187500000000e+04,1.887361523437500000e+04
4.924533593750000000e+04,1.981442504882812500e+03,2.912003710937500000e+04,1.814385351562500000e+04
4.912310546875000000e+04,3.097980468750000000e+03,2.839207812500000000e+04,1.763304687500000000e+04
4.843989453125000000e+04,2.137839599609375000e+03,2.880671875000000000e+04,1.749533593750000000e+04
4.795117968750000000e+04,1.747959350585937500e+03,2.786251757812500000e+04,1.834070507812500000e+04
4.706964843750000000e+04,1.829948608398437500e+03,2.762356054687500000e+04,1.761614062500000000e+04
4.566931250000000000e+04,3.381757812500000000e+03,2.538501367187500000e+04,1.690254296875000000e+04
4.538343750000000000e+04,2.374770019531250000e+03,2.608785546875000000e+04,1.692081054687500000e+04
4.332195312500000000e+04,3.572166259765625000e+03,2.413668750000000000e+04,1.561310156250000000e+04
4.276117187500000000e+04,3.876669189453125000e+03,2.271487109375000000e+04,1.616962988281250000e+04
4.522063281250000000e+04,5.069853515625000000e+03,2.295511914062500000e+04,1.719566015625000000e+04
4.169465625000000000e+04,3.928360595703125000e+03,2.199823242187500000e+04,1.576806445312500000e+04
4.091581250000000000e+04,4.038297119140625000e+03,2.079404296875000000e+04,1.608347167968750000e+04
4.034445703125000000e+04,3.721930419921875000e+03,2.016817382812500000e+04,1.645435351562500000e+04
3.983187500000000000e+04,4.109753906250000000e+03,1.946945703125000000e+04,1.625266308593750000e+04
3.903282031250000000e+04,3.839858642578125000e+03,1.908501757812500000e+04,1.610794140625000000e+04
3.831117578125000000e+04,3.778824707031250000e+03,1.822814062500000000e+04,1.630421191406250000e+04
3.806015625000000000e+04,3.997026367187500000e+03,1.827345117187500000e+04,1.578967871093750000e+04
3.783560156250000000e+04,4.021303710937500000e+03,1.827249414062500000e+04,1.554180566406250000e+04
3.722132812500000000e+04,3.893162353515625000e+03,1.764986718750000000e+04,1.567829785156250000e+04
3.627780468750000000e+04,3.898464111328125000e+03,1.673323046875000000e+04,1.564610742187500000e+04
3.523159765625000000e+04,3.747257568359375000e+03,1.585861328125000000e+04,1.562572656250000000e+04
3.414161718750000000e+04,3.243700439453125000e+03,1.544416406250000000e+04,1.545375292968750000e+04
3.288007812500000000e+04,2.684649658203125000e+03,1.489528222656250000e+04,1.530014746093750000e+04
3.218855078125000000e+04,2.226247558593750000e+03,1.465502246093750000e+04,1.530728125000000000e+04
3.157996484375000000e+04,2.099039550781250000e+03,1.448909765625000000e+04,1.499182812500000000e+04
3.096672070312500000e+04,1.750941894531250000e+03,1.437404882812500000e+04,1.484173046875000000e+04
3.039427734375000000e+04,1.694556396484375000e+03,1.415233691406250000e+04,1.454738378906250000e+04
2.990766601562500000e+04,1.423790893554687500e+03,1.422741894531250000e+04,1.425645605468750000e+04
2.925108984375000000e+04,1.532810913085937500e+03,1.441459082031250000e+04,1.330368945312500000e+04
2.879962500000000000e+04,1.810008911132812500e+03,1.413880859375000000e+04,1.285080761718750000e+04
2.830629296875000000e+04,2.084562500000000000e+03,1.368758007812500000e+04,1.253415039062500000e+04
2.714366601562500000e+04,2.977392578125000000e+03,1.261754980468750000e+04,1.154872363281250000e+04
2.592011718750000000e+04,4.077452148437500000e+03,1.145062695312500000e+04,1.039203906250000000e+04
2.473207812500000000e+04,4.796156250000000000e+03,1.057711328125000000e+04,9.358809570312500000e+03
2.422785156250000000e+04,4.330695312500000000e+03,1.123834179687500000e+04,8.658815429687500000e+03
2.366679882812500000e+04,3.175040527343750000e+03,1.134277343750000000e+04,9.148984375000000000e+03
2.342675781250000000e+04,3.392841064453125000e+03,1.082931347656250000e+04,9.204602539062500000e+03
2.319465625000000000e+04,3.403757080078125000e+03,1.065787109375000000e+04,9.133028320312500000e+03
2.258061328125000000e+04,3.362866210937500000e+03,1.033719433593750000e+04,8.880552734375000000e+03
2.124747265625000000e+04,3.131206787109375000e+03,9.602090820312500000e+03,8.514175781250000000e+03
1.930908593750000000e+04,2.915270019531250000e+03,8.506451171875000000e+03,7.887366210937500000e+03
1.774553515625000000e+04,2.107968505859375000e+03,7.128970214843750000e+03,8.508595703125000000e+03
1.383812109375000000e+04,1.968527709960937500e+03,5.934464843750000000e+03,5.935127929687500000e+03
1.214029296875000000e+04,2.477040283203125000e+03,4.945440917968750000e+03,4.717811523437500000e+03
1.195994531250000000e+04,3.242851806640625000e+03,4.398604003906250000e+03,4.318489746093750000e+03
1.129527539062500000e+04,2.428826171875000000e+03,4.470450683593750000e+03,4.395998535156250000e+03
1.146824414062500000e+04,3.241405029296875000e+03,4.071351074218750000e+03,4.155488769531250000e+03
1.073209570312500000e+04,2.346282470703125000e+03,4.244419433593750000e+03,4.141393066406250000e+03
1.055297851562500000e+04,2.393345458984375000e+03,4.059648193359375000e+03,4.099984375000000000e+03
1.011756835937500000e+04,2.222591308593750000e+03,3.773269775390625000e+03,4.121707519531250000e+03
9.829086914062500000e+03,2.077851806640625000e+03,3.516827148437500000e+03,4.234408203125000000e+03
9.097991210937500000e+03,1.742624877929687500e+03,3.217006347656250000e+03,4.138359863281250000e+03
8.317872070312500000e+03,1.306495117187500000e+03,2.941338134765625000e+03,4.070038818359375000e+03
7.649860351562500000e+03,1.254428100585937500e+03,2.600777099609375000e+03,3.794655273437500000e+03
7.457318359375000000e+03,1.301885864257812500e+03,2.610136230468750000e+03,3.545296142578125000e+03
7.102618164062500000e+03,1.513481445312500000e+03,2.385853271484375000e+03,3.203283447265625000e+03
6.941713867187500000e+03,1.273788818359375000e+03,2.478485107421875000e+03,3.189440185546875000e+03
6.870886718750000000e+03,1.317583984375000000e+03,2.434342285156250000e+03,3.118960205078125000e+03
6.821811523437500000e+03,1.338250366210937500e+03,2.433035644531250000e+03,3.050525390625000000e+03
6.595042968750000000e+03,1.331749389648437500e+03,2.342714599609375000e+03,2.920578857421875000e+03
6.282341796875000000e+03,1.352115966796875000e+03,2.142461181640625000e+03,2.787764892578125000e+03
5.994867187500000000e+03,1.429187377929687500e+03,1.896684326171875000e+03,2.668995849609375000e+03
5.539402343750000000e+03,1.489118286132812500e+03,1.532471191406250000e+03,2.517813232421875000e+03
5.225539062500000000e+03,1.429287963867187500e+03,1.396650634765625000e+03,2.399600341796875000e+03
5.062198242187500000e+03,1.268131347656250000e+03,1.419915405273437500e+03,2.374151367187500000e+03
4.914382324218750000e+03,1.165378417968750000e+03,1.404699340820312500e+03,2.344304687500000000e+03
4.741362304687500000e+03,1.061860595703125000e+03,1.351982910156250000e+03,2.327518554687500000e+03
4.610380859375000000e+03,9.666965332031250000e+02,1.343013549804687500e+03,2.300670898437500000e+03
4.416109375000000000e+03,8.602990722656250000e+02,1.321474853515625000e+03,2.234335449218750000e+03
4.354001953125000000e+03,8.366137695312500000e+02,1.342353149414062500e+03,2.175035156250000000e+03
4.290500488281250000e+03,8.481986694335937500e+02,1.326500244140625000e+03,2.115801513671875000e+03
4.219298339843750000e+03,8.578803100585937500e+02,1.325086059570312500e+03,2.036332153320312500e+03
4.078143798828125000e+03,8.493314819335937500e+02,1.355726196289062500e+03,1.873086181640625000e+03
3.892051757812500000e+03,7.624931030273437500e+02,1.471939086914062500e+03,1.657619750976562500e+03
3.806982421875000000e+03,6.820031127929687500e+02,1.565896118164062500e+03,1.559083374023437500e+03
3.781160156250000000e+03,6.691710205078125000e+02,1.581862060546875000e+03,1.530126953125000000e+03
3.767317382812500000e+03,6.537324829101562500e+02,1.577570434570312500e+03,1.536014282226562500e+03
3.755635253906250000e+03,6.455264282226562500e+02,1.574365722656250000e+03,1.535743041992187500e+03
3.736059082031250000e+03,6.384354248046875000e+02,1.551018798828125000e+03,1.546604980468750000e+03
3.696023437500000000e+03,6.244012451171875000e+02,1.504485595703125000e+03,1.567136596679687500e+03
3.621742675781250000e+03,6.072340698242187500e+02,1.405361694335937500e+03,1.609146972656250000e+03
3.512370849609375000e+03,5.862039184570312500e+02,1.266089233398437500e+03,1.660077636718750000e+03
3.367538085937500000e+03,5.695150146484375000e+02,1.129049682617187500e+03,1.668973266601562500e+03
3.140120117187500000e+03,5.083993225097656250e+02,1.031741333007812500e+03,1.599979370117187500e+03
2.939055664062500000e+03,4.052574462890625000e+02,1.070454711914062500e+03,1.463343627929687500e+03
2.837310546875000000e+03,3.283789062500000000e+02,1.054225341796875000e+03,1.454706298828125000e+03
2.780652832031250000e+03,2.893969421386718750e+02,1.231496215820312500e+03,1.259759521484375000e+03
2.725190429687500000e+03,2.785831604003906250e+02,1.137784912109375000e+03,1.308822509765625000e+03
2.703194824218750000e+03,2.831030883789062500e+02,1.106375976562500000e+03,1.313715820312500000e+03
2.684736572265625000e+03,2.761648559570312500e+02,1.122678222656250000e+03,1.285893554687500000e+03
2.666105957031250000e+03,2.583657531738281250e+02,1.164654174804687500e+03,1.243085937500000000e+03
2.634990234375000000e+03,2.438606109619140625e+02,1.156711914062500000e+03,1.234417602539062500e+03
2.592318359375000000e+03,2.236154937744140625e+02,1.138540283203125000e+03,1.230162719726562500e+03
2.623370605468750000e+03,2.701289978027343750e+02,1.129054931640625000e+03,1.224186523437500000e+03
2.582701904296875000e+03,2.254026031494140625e+02,1.132641845703125000e+03,1.224657470703125000e+03
2.551246582031250000e+03,2.216629486083984375e+02,1.124088012695312500e+03,1.205495483398437500e+03
2.541053222656250000e+03,2.203909149169921875e+02,1.109831176757812500e+03,1.210831054687500000e+03
2.529098632812500000e+03,2.196040496826171875e+02,1.095290893554687500e+03,1.214203857421875000e+03
2.515128173828125000e+03,2.212975463867187500e+02,1.079788940429687500e+03,1.214041748046875000e+03
2.474284667968750000e+03,2.207780761718750000e+02,1.068224487304687500e+03,1.185282226562500000e+03
2.422177734375000000e+03,2.410814056396484375e+02,1.005288696289062500e+03,1.175807495117187500e+03
2.355596923828125000e+03,2.164663543701171875e+02,1.008311645507812500e+03,1.130818969726562500e+03
2.134282226562500000e+03,1.645436859130859375e+02,9.679373168945312500e+02,1.001801330566406250e+03
2.288289062500000000e+03,1.876025543212890625e+02,1.030817504882812500e+03,1.069869018554687500e+03
2.042220947265625000e+03,1.110725936889648438e+02,9.499320068359375000e+02,9.812163085937500000e+02
1.977726562500000000e+03,1.077055664062500000e+02,9.194119873046875000e+02,9.506090087890625000e+02
1.943239990234375000e+03,8.740563964843750000e+01,9.161796264648437500e+02,9.396546630859375000e+02
1.931392333984375000e+03,8.268631744384765625e+01,9.004633789062500000e+02,9.482426147460937500e+02
1.898336425781250000e+03,8.533271026611328125e+01,8.724584350585937500e+02,9.405452880859375000e+02
1.871736938476562500e+03,7.883985900878906250e+01,8.555539550781250000e+02,9.373431396484375000e+02
1.834621093750000000e+03,7.553250885009765625e+01,8.308914794921875000e+02,9.281971435546875000e+02
1.814518920898437500e+03,8.022957611083984375e+01,8.074863281250000000e+02,9.268030395507812500e+02
1.801793701171875000e+03,8.745437622070312500e+01,8.119084472656250000e+02,9.024309082031250000e+02
1.826075195312500000e+03,1.412593994140625000e+02,8.283577270507812500e+02,8.564580078125000000e+02
1.796871826171875000e+03,9.518738555908203125e+01,8.153032836914062500e+02,8.863811645507812500e+02
1.787929443359375000e+03,9.600575256347656250e+01,8.222249145507812500e+02,8.696987915039062500e+02
1.786427978515625000e+03,1.033718719482421875e+02,8.512583007812500000e+02,8.317977905273437500e+02
1.780794555664062500e+03,9.481132507324218750e+01,8.398626098632812500e+02,8.461206054687500000e+02
1.778402587890625000e+03,8.852433013916015625e+01,8.390257568359375000e+02,8.508524169921875000e+02
1.773688232421875000e+03,8.448267364501953125e+01,8.375039672851562500e+02,8.517016601562500000e+02
1.769482910156250000e+03,8.162197875976562500e+01,8.455828247070312500e+02,8.422781372070312500e+02
1.764464599609375000e+03,8.575295257568359375e+01,8.579732055664062500e+02,8.207384643554687500e+02
1.757063476562500000e+03,8.788677215576171875e+01,8.760341796875000000e+02,7.931424560546875000e+02
1.750343627929687500e+03,8.813029479980468750e+01,8.954539184570312500e+02,7.667593994140625000e+02
1.744308349609375000e+03,8.247406005859375000e+01,9.023208618164062500e+02,7.595134887695312500e+02
1.729276123046875000e+03,7.444860076904296875e+01,9.026718750000000000e+02,7.521557006835937500e+02
1.706357666015625000e+03,6.900343322753906250e+01,8.656952514648437500e+02,7.716590576171875000e+02
1.684087158203125000e+03,7.910466766357421875e+01,8.379764404296875000e+02,7.670061035156250000e+02
1.671332275390625000e+03,6.966084289550781250e+01,7.882466430664062500e+02,8.134248657226562500e+02
1.655957763671875000e+03,7.037628936767578125e+01,7.685440673828125000e+02,8.170374145507812500e+02
1.651651977539062500e+03,7.276895904541015625e+01,7.707467651367187500e+02,8.081362304687500000e+02
1.648672119140625000e+03,7.288014984130859375e+01,7.633060913085937500e+02,8.124859008789062500e+02
1.645506591796875000e+03,7.367060852050781250e+01,7.521000366210937500e+02,8.197359619140625000e+02
1.641300292968750000e+03,7.275041198730468750e+01,7.390538940429687500e+02,8.294959716796875000e+02
1.636568847656250000e+03,7.020330810546875000e+01,7.300014038085937500e+02,8.363641967773437500e+02
1.627340332031250000e+03,6.639989471435546875e+01,7.171101684570312500e+02,8.438302001953125000e+02
1.614166503906250000e+03,6.075866699218750000e+01,7.186319580078125000e+02,8.347759399414062500e+02
1.589897949218750000e+03,6.563129425048828125e+01,7.292979125976562500e+02,7.949688110351562500e+02
1.551790771484375000e+03,5.564257049560546875e+01,7.530608520507812500e+02,7.430874023437500000e+02
1.525228149414062500e+03,6.163226318359375000e+01,7.694376220703125000e+02,6.941582641601562500e+02
1.487868286132812500e+03,5.568324279785156250e+01,7.550620727539062500e+02,6.771229858398437500e+02
1.448710571289062500e+03,9.555834197998046875e+01,7.099768066406250000e+02,6.431754150390625000e+02
1.445403564453125000e+03,1.348749389648437500e+02,6.730239257812500000e+02,6.375046997070312500e+02
1.412010742187500000e+03,8.816577911376953125e+01,6.882952880859375000e+02,6.355496215820312500e+02
1.418698364257812500e+03,1.073446655273437500e+02,7.313859252929687500e+02,5.799677734375000000e+02
1.390450073242187500e+03,8.122106170654296875e+01,7.032958374023437500e+02,6.059331665039062500e+02
1.365570800781250000e+03,8.795780181884765625e+01,7.013154907226562500e+02,5.762975463867187500e+02
1.347041748046875000e+03,8.429333496093750000e+01,6.616841430664062500e+02,6.010642700195312500e+02
1.335485351562500000e+03,8.507744598388671875e+01,6.665336303710937500e+02,5.838742675781250000e+02
1.322571044921875000e+03,8.849941253662109375e+01,6.754754638671875000e+02,5.585961914062500000e+02
1.303776123046875000e+03,8.524326324462890625e+01,6.711115112304687500e+02,5.474213867187500000e+02
1.286936035156250000e+03,1.130604248046875000e+02,6.455181274414062500e+02,5.283574218750000000e+02
1.269731445312500000e+03,8.794445037841796875e+01,6.288552246093750000e+02,5.529317626953125000e+02
1.259673339843750000e+03,8.978313446044921875e+01,6.317433471679687500e+02,5.381468505859375000e+02
1.250099243164062500e+03,9.175999450683593750e+01,6.332535400390625000e+02,5.250856933593750000e+02
1.239529052734375000e+03,9.478502655029296875e+01,6.280435180664062500e+02,5.167005004882812500e+02
1.224812011718750000e+03,9.318077850341796875e+01,6.270339965820312500e+02,5.045972595214843750e+02
1.211253906250000000e+03,1.018530502319335938e+02,6.230917358398437500e+02,4.863091125488281250e+02
1.200665649414062500e+03,1.072372055053710938e+02,6.043102416992187500e+02,4.891182250976562500e+02
1.192315185546875000e+03,1.131733551025390625e+02,5.932102050781250000e+02,4.859316711425781250e+02
1.180876708984375000e+03,9.588741302490234375e+01,5.871518554687500000e+02,4.978374938964843750e+02
1.167288330078125000e+03,9.997505950927734375e+01,5.864637451171875000e+02,4.808495788574218750e+02
1.156188232421875000e+03,9.875056457519531250e+01,5.846704711914062500e+02,4.727672424316406250e+02
1.144184326171875000e+03,1.136321487426757812e+02,5.772675170898437500e+02,4.532846374511718750e+02
1.128646972656250000e+03,9.396905517578125000e+01,5.824557495117187500e+02,4.522221984863281250e+02
1.122461181640625000e+03,9.257297515869140625e+01,5.826038818359375000e+02,4.472842407226562500e+02
1.117535644531250000e+03,9.374313354492187500e+01,5.840882568359375000e+02,4.397042846679687500e+02
1.112764404296875000e+03,9.057563781738281250e+01,5.834746704101562500e+02,4.387140502929687500e+02
1.102068359375000000e+03,8.519422149658203125e+01,5.921212768554687500e+02,4.247529296875000000e+02
1.094010620117187500e+03,8.055621337890625000e+01,5.854594116210937500e+02,4.279950256347656250e+02
1.088739501953125000e+03,8.316869354248046875e+01,5.796898803710937500e+02,4.258809204101562500e+02
1.085979248046875000e+03,8.226498413085937500e+01,5.760172119140625000e+02,4.276970825195312500e+02
1.083249511718750000e+03,8.289434051513671875e+01,5.787470703125000000e+02,4.216081542968750000e+02
1.081449951171875000e+03,8.284468078613281250e+01,5.751090087890625000e+02,4.234962463378906250e+02
1.080044067382812500e+03,8.155761718750000000e+01,5.719039306640625000e+02,4.265824890136718750e+02
1.081546142578125000e+03,8.111830139160156250e+01,5.791033325195312500e+02,4.213245239257812500e+02
1.079289306640625000e+03,8.060224914550781250e+01,5.743041992187500000e+02,4.243828430175781250e+02
1.078383300781250000e+03,8.091799926757812500e+01,5.692301025390625000e+02,4.282351684570312500e+02
1.077064575195312500e+03,8.057784271240234375e+01,5.610051879882812500e+02,4.354815368652343750e+02
1.076260498046875000e+03,8.074738311767578125e+01,5.565946044921875000e+02,4.389185791015625000e+02
1.073648193359375000e+03,8.055440521240234375e+01,5.461260375976562500e+02,4.469677429199218750e+02
1.069540039062500000e+03,7.916437530517578125e+01,5.384388427734375000e+02,4.519367675781250000e+02
1.065246337890625000e+03,7.765055847167968750e+01,5.372072753906250000e+02,4.503884277343750000e+02
1.051717895507812500e+03,7.657338714599609375e+01,5.210549316406250000e+02,4.540895690917968750e+02
1.033577758789062500e+03,6.722227478027343750e+01,5.171413574218750000e+02,4.492141418457031250e+02
1.006108276367187500e+03,6.790757751464843750e+01,5.083085327148437500e+02,4.298921508789062500e+02
9.803737182617187500e+02,6.186286926269531250e+01,4.944047546386718750e+02,4.241060791015625000e+02
9.557559204101562500e+02,5.816254043579101562e+01,4.897944641113281250e+02,4.077988891601562500e+02
9.466663818359375000e+02,7.206742858886718750e+01,4.491548156738281250e+02,4.254441223144531250e+02
9.349660644531250000e+02,6.172946548461914062e+01,4.430443725585937500e+02,4.301922607421875000e+02
9.263797607421875000e+02,6.423526763916015625e+01,4.475882873535156250e+02,4.145562438964843750e+02
9.013134155273437500e+02,7.732303619384765625e+01,4.468121337890625000e+02,3.771782226562500000e+02
8.803028564453125000e+02,1.048539428710937500e+02,4.408019104003906250e+02,3.346469421386718750e+02
8.489226684570312500e+02,8.699510955810546875e+01,4.441871337890625000e+02,3.177404174804687500e+02
8.297062377929687500e+02,9.167651367187500000e+01,4.192351989746093750e+02,3.187945251464843750e+02
8.216581420898437500e+02,1.035994567871093750e+02,4.081663208007812500e+02,3.098923645019531250e+02
8.201989746093750000e+02,1.056437301635742188e+02,3.992735290527343750e+02,3.152817382812500000e+02
8.171673583984375000e+02,1.169215011596679688e+02,3.877991638183593750e+02,3.124466552734375000e+02
8.137130126953125000e+02,1.141837005615234375e+02,3.918876647949218750e+02,3.076416931152343750e+02
8.124061279296875000e+02,1.159398574829101562e+02,3.939746704101562500e+02,3.024915771484375000e+02
8.086444091796875000e+02,1.192082138061523438e+02,3.896994018554687500e+02,2.997367553710937500e+02
8.013289794921875000e+02,1.517152557373046875e+02,3.609193420410156250e+02,2.886943664550781250e+02
7.963785400390625000e+02,1.450954132080078125e+02,3.627199096679687500e+02,2.885632019042968750e+02
7.914279174804687500e+02,1.505618896484375000e+02,3.614728088378906250e+02,2.793932495117187500e+02
7.873339843750000000e+02,1.622942657470703125e+02,3.482591857910156250e+02,2.767804870605468750e+02
7.828616333007812500e+02,1.667715911865234375e+02,3.390872802734375000e+02,2.770027465820312500e+02
7.777712402343750000e+02,1.792924957275390625e+02,3.224423522949218750e+02,2.760363769531250000e+02
7.969198608398437500e+02,1.901967773437500000e+02,3.179874877929687500e+02,2.887355957031250000e+02
7.770393066406250000e+02,1.789622192382812500e+02,3.202861938476562500e+02,2.777908630371093750e+02
7.759348754882812500e+02,1.837682342529296875e+02,3.150556945800781250e+02,2.771109619140625000e+02
7.743809204101562500e+02,1.915367126464843750e+02,3.066219482421875000e+02,2.762222595214843750e+02
7.728126831054687500e+02,1.997224121093750000e+02,2.933726501464843750e+02,2.797176208496093750e+02
7.745910644531250000e+02,2.263159790039062500e+02,2.794746398925781250e+02,2.688004150390625000e+02
7.698094482421875000e+02,2.104997100830078125e+02,2.852888793945312500e+02,2.740208740234375000e+02
7.665826416015625000e+02,2.145143127441406250e+02,2.822424621582031250e+02,2.698258361816406250e+02
7.620357666015625000e+02,2.055391540527343750e+02,2.890255126953125000e+02,2.674711303710937500e+02
7.586004638671875000e+02,2.086527557373046875e+02,2.845801391601562500e+02,2.653675537109375000e+02
7.540375366210937500e+02,2.107221527099609375e+02,2.790468750000000000e+02,2.642684936523437500e+02
7.468132324218750000e+02,2.170959014892578125e+02,2.643638916015625000e+02,2.653534545898437500e+02
7.518304443359375000e+02,2.099746551513671875e+02,2.579473876953125000e+02,2.839083862304687500e+02
7.427149658203125000e+02,2.108255004882812500e+02,2.606914672851562500e+02,2.711979980468750000e+02
7.383876953125000000e+02,2.141773681640625000e+02,2.469694824218750000e+02,2.772408142089843750e+02
7.366452636718750000e+02,2.095132598876953125e+02,2.468191375732421875e+02,2.803128967285156250e+02
7.354303588867187500e+02,2.048499908447265625e+02,2.480689392089843750e+02,2.825114135742187500e+02
7.329184570312500000e+02,1.952093811035156250e+02,2.505502471923828125e+02,2.871588134765625000e+02
7.296662597656250000e+02,1.834282836914062500e+02,2.602615661621093750e+02,2.859763793945312500e+02
7.276850585937500000e+02,1.791291809082031250e+02,2.593229064941406250e+02,2.892329711914062500e+02
7.257986450195312500e+02,1.796504364013671875e+02,2.588305358886718750e+02,2.873176879882812500e+02
7.232537841796875000e+02,1.801626129150390625e+02,2.592896118164062500e+02,2.838015747070312500e+02
7.192509765625000000e+02,1.789576416015625000e+02,2.572912902832031250e+02,2.830020751953125000e+02
7.138807373046875000e+02,1.755596771240234375e+02,2.549971923828125000e+02,2.833238830566406250e+02
7.062154541015625000e+02,1.741010131835937500e+02,2.478930053710937500e+02,2.842214660644531250e+02
6.988776855468750000e+02,1.743145751953125000e+02,2.448544616699218750e+02,2.797086486816406250e+02
6.920871582031250000e+02,1.819010162353515625e+02,2.378882293701171875e+02,2.722978820800781250e+02
6.866531372070312500e+02,1.779916229248046875e+02,2.440643768310546875e+02,2.645971374511718750e+02
6.805203857421875000e+02,1.823376312255859375e+02,2.411699829101562500e+02,2.570127868652343750e+02
6.691711425781250000e+02,1.889666290283203125e+02,2.386457061767578125e+02,2.415588073730468750e+02
6.583295898437500000e+02,1.959063720703125000e+02,2.385749664306640625e+02,2.238482971191406250e+02
6.463564453125000000e+02,1.929523620605468750e+02,2.433207397460937500e+02,2.100833740234375000e+02
6.392917480468750000e+02,1.882819824218750000e+02,2.480529327392578125e+02,2.029568786621093750e+02
6.318738403320312500e+02,1.815024871826171875e+02,2.354638977050781250e+02,2.149074707031250000e+02
6.265114135742187500e+02,1.812044982910156250e+02,2.298320617675781250e+02,2.154748687744140625e+02
6.179591064453125000e+02,1.783344879150390625e+02,2.253946838378906250e+02,2.142299499511718750e+02
6.092328491210937500e+02,1.797306823730468750e+02,2.174808502197265625e+02,2.120213012695312500e+02
5.997920532226562500e+02,1.697606201171875000e+02,2.138229675292968750e+02,2.162084655761718750e+02
5.916253051757812500e+02,1.700289154052734375e+02,2.108627777099609375e+02,2.107336273193359375e+02
5.828418579101562500e+02,1.651366119384765625e+02,2.083228912353515625e+02,2.093823547363281250e+02
5.916853637695312500e+02,1.779640808105468750e+02,2.016351013183593750e+02,2.120861968994140625e+02
5.792468261718750000e+02,1.641810150146484375e+02,2.056062622070312500e+02,2.094595184326171875e+02
5.730516967773437500e+02,1.629327392578125000e+02,2.016125640869140625e+02,2.085064086914062500e+02
5.683399658203125000e+02,1.617139129638671875e+02,1.995090637207031250e+02,2.071170349121093750e+02
5.618101806640625000e+02,1.556007080078125000e+02,1.971190338134765625e+02,2.090904388427734375e+02
5.594853515625000000e+02,1.595317840576171875e+02,1.911627349853515625e+02,2.087908020019531250e+02
5.548085327148437500e+02,1.526405181884765625e+02,1.904600067138671875e+02,2.117080078125000000e+02
5.530837402343750000e+02,1.453382110595703125e+02,1.959320526123046875e+02,2.118134918212890625e+02
5.523699951171875000e+02,1.426565399169921875e+02,1.977431182861328125e+02,2.119703369140625000e+02
5.517022705078125000e+02,1.415157165527343750e+02,1.987785491943359375e+02,2.114080200195312500e+02
5.509235839843750000e+02,1.389108123779296875e+02,1.998439331054687500e+02,2.121688079833984375e+02
5.501572875976562500e+02,1.351901092529296875e+02,2.021959075927734375e+02,2.127712707519531250e+02
5.496742553710937500e+02,1.289250640869140625e+02,2.062290191650390625e+02,2.145201568603515625e+02
5.489644775390625000e+02,1.283928527832031250e+02,2.074547576904296875e+02,2.131168823242187500e+02
5.481242675781250000e+02,1.271687622070312500e+02,2.075180358886718750e+02,2.134374542236328125e+02
5.464490966796875000e+02,1.257205429077148438e+02,2.073813018798828125e+02,2.133472290039062500e+02
5.438793334960937500e+02,1.233458862304687500e+02,2.062583007812500000e+02,2.142751617431640625e+02
5.410094604492187500e+02,1.245307388305664062e+02,2.016929473876953125e+02,2.147857513427734375e+02
5.382053833007812500e+02,1.254748077392578125e+02,1.979763793945312500e+02,2.147541961669921875e+02
5.350745849609375000e+02,1.287297058105468750e+02,1.932300720214843750e+02,2.131148376464843750e+02
5.405387573242187500e+02,1.549188537597656250e+02,1.710788421630859375e+02,2.145410614013671875e+02
5.322949829101562500e+02,1.350510253906250000e+02,1.841774597167968750e+02,2.130665130615234375e+02
5.246069335937500000e+02,1.382402191162109375e+02,1.765451049804687500e+02,2.098215789794921875e+02
5.157501831054687500e+02,1.555037384033203125e+02,1.624396972656250000e+02,1.978067779541015625e+02
5.120466918945312500e+02,1.624378051757812500e+02,1.640628967285156250e+02,1.855460052490234375e+02
5.049448852539062500e+02,1.523215942382812500e+02,1.625475769042968750e+02,1.900757293701171875e+02
4.984318542480468750e+02,1.624104156494140625e+02,1.524275207519531250e+02,1.835939025878906250e+02
4.938000183105468750e+02,1.651885375976562500e+02,1.445204315185546875e+02,1.840910339355468750e+02
4.997247314453125000e+02,1.853970794677734375e+02,1.294381561279296875e+02,1.848894805908203125e+02
4.918634338378906250e+02,1.690246887207031250e+02,1.389781951904296875e+02,1.838605651855468750e+02
4.860145874023437500e+02,1.773300170898437500e+02,1.252069168090820312e+02,1.834776763916015625e+02
4.808173828125000000e+02,1.844307861328125000e+02,1.099377670288085938e+02,1.864488220214843750e+02
4.888672180175781250e+02,2.119037017822265625e+02,9.617304992675781250e+01,1.807904663085937500e+02
4.766394958496093750e+02,1.891568603515625000e+02,1.036408996582031250e+02,1.838417358398437500e+02
4.926349487304687500e+02,2.225809631347656250e+02,8.939441680908203125e+01,1.806595611572265625e+02
4.713617553710937500e+02,1.917289886474609375e+02,9.776904296875000000e+01,1.818636932373046875e+02
4.651648559570312500e+02,1.979997558593750000e+02,9.077603149414062500e+01,1.763890838623046875e+02
4.553600158691406250e+02,1.922114257812500000e+02,9.574721527099609375e+01,1.674013671875000000e+02
4.477584228515625000e+02,1.941590118408203125e+02,9.249486541748046875e+01,1.611045379638671875e+02
4.547946777343750000e+02,1.993541107177734375e+02,1.008885650634765625e+02,1.545519866943359375e+02
4.425139770507812500e+02,1.900023651123046875e+02,9.528922271728515625e+01,1.572223968505859375e+02
4.379913024902343750e+02,1.878111572265625000e+02,9.486960601806640625e+01,1.553105468750000000e+02
4.251230468750000000e+02,1.795924835205078125e+02,9.624340820312500000e+01,1.492871551513671875e+02
4.173725891113281250e+02,1.793489685058593750e+02,9.193866729736328125e+01,1.460849609375000000e+02
4.028965148925781250e+02,1.758296508789062500e+02,8.559249877929687500e+01,1.414743652343750000e+02
4.474850158691406250e+02,2.047500610351562500e+02,7.543565368652343750e+01,1.672992858886718750e+02
3.943583984375000000e+02,1.758148193359375000e+02,7.831426239013671875e+01,1.402293243408203125e+02
4.166087951660156250e+02,1.841659088134765625e+02,6.800899505615234375e+01,1.644338989257812500e+02
3.805280761718750000e+02,1.718734436035156250e+02,6.836064147949218750e+01,1.402939758300781250e+02
3.692456054687500000e+02,1.747023315429687500e+02,5.623379135131835938e+01,1.383094635009765625e+02
3.643711547851562500e+02,1.680744018554687500e+02,6.046540832519531250e+01,1.358313598632812500e+02
3.481957397460937500e+02,1.706598052978515625e+02,5.103722763061523438e+01,1.264986953735351562e+02
3.624324645996093750e+02,1.989325866699218750e+02,5.087706756591796875e+01,1.126228103637695312e+02
3.385969543457031250e+02,1.690782318115234375e+02,4.938028717041015625e+01,1.201384277343750000e+02
3.308649291992187500e+02,1.649399414062500000e+02,4.991607284545898438e+01,1.160089263916015625e+02
3.290979003906250000e+02,1.645746612548828125e+02,4.896199417114257812e+01,1.155612411499023438e+02
3.229023742675781250e+02,1.622294464111328125e+02,4.774666213989257812e+01,1.129262619018554688e+02
3.235751647949218750e+02,1.618995361328125000e+02,4.877005386352539062e+01,1.129055862426757812e+02
3.199736022949218750e+02,1.605723266601562500e+02,4.802887725830078125e+01,1.113724060058593750e+02
3.153120727539062500e+02,1.596264190673828125e+02,4.751865768432617188e+01,1.081670074462890625e+02
3.068077087402343750e+02,1.563553771972656250e+02,4.534590148925781250e+01,1.051064376831054688e+02
2.996510620117187500e+02,1.538382415771484375e+02,4.422882080078125000e+01,1.015839843750000000e+02
2.954053344726562500e+02,1.493277282714843750e+02,4.299166488647460938e+01,1.030859375000000000e+02
2.882253112792968750e+02,1.488729248046875000e+02,3.849066925048828125e+01,1.008617324829101562e+02
2.817173461914062500e+02,1.456591491699218750e+02,3.897291564941406250e+01,9.708528900146484375e+01
2.720185546875000000e+02,1.349926452636718750e+02,3.823421478271484375e+01,9.879169464111328125e+01
2.604403991699218750e+02,1.227091598510742188e+02,3.871213912963867188e+01,9.901910400390625000e+01
2.524608459472656250e+02,1.089651184082031250e+02,4.420382690429687500e+01,9.929189300537109375e+01
2.482323303222656250e+02,1.034562759399414062e+02,4.375953292846679688e+01,1.010165252685546875e+02
2.440037841796875000e+02,1.029004669189453125e+02,4.134350967407226562e+01,9.975980377197265625e+01
2.406136932373046875e+02,1.001362915039062500e+02,3.953191375732421875e+01,1.009454803466796875e+02
2.388444213867187500e+02,9.513835144042968750e+01,3.817912673950195312e+01,1.055269546508789062e+02
2.365730590820312500e+02,9.383235931396484375e+01,3.870092010498046875e+01,1.040397796630859375e+02
2.352752380371093750e+02,9.208361816406250000e+01,3.912853622436523438e+01,1.040630798339843750e+02
2.338965606689453125e+02,8.928519439697265625e+01,3.984892272949218750e+01,1.047624359130859375e+02
2.317116088867187500e+02,8.578929138183593750e+01,4.012580490112304688e+01,1.057965164184570312e+02
2.275922088623046875e+02,7.988425445556640625e+01,4.055915832519531250e+01,1.071487960815429688e+02
2.213603973388671875e+02,7.347337341308593750e+01,4.189485931396484375e+01,1.059921646118164062e+02
2.167016296386718750e+02,6.870556640625000000e+01,4.227522277832031250e+01,1.057208328247070312e+02
2.133002624511718750e+02,6.603789520263671875e+01,4.383192443847656250e+01,1.034304504394531250e+02
2.111201934814453125e+02,6.400726318359375000e+01,4.496910858154296875e+01,1.021438217163085938e+02
2.101400299072265625e+02,6.412006378173828125e+01,4.403707885742187500e+01,1.019828872680664062e+02
2.095256958007812500e+02,6.403589630126953125e+01,4.379437637329101562e+01,1.016954269409179688e+02
2.089120178222656250e+02,6.330657958984375000e+01,4.444194412231445312e+01,1.011634902954101562e+02
2.078255310058593750e+02,6.204347991943359375e+01,4.665897750854492188e+01,9.912308502197265625e+01
2.065401916503906250e+02,6.073659515380859375e+01,4.843697738647460938e+01,9.736661529541015625e+01
2.047399749755859375e+02,5.959200668334960938e+01,5.067811584472656250e+01,9.446984863281250000e+01
2.034688262939453125e+02,5.993302154541015625e+01,5.044315338134765625e+01,9.309265136718750000e+01
2.028487396240234375e+02,6.044680786132812500e+01,5.007899856567382812e+01,9.232293701171875000e+01
2.020276794433593750e+02,6.115094757080078125e+01,4.850695800781250000e+01,9.236977386474609375e+01
2.007507934570312500e+02,6.204558944702148438e+01,4.608573532104492188e+01,9.261947631835937500e+01
1.983395385742187500e+02,6.487123107910156250e+01,4.370660018920898438e+01,8.976171112060546875e+01
1.954874725341796875e+02,6.322688674926757812e+01,4.275011444091796875e+01,8.951046752929687500e+01
1.907249298095703125e+02,6.224122619628906250e+01,4.308055496215820312e+01,8.540315246582031250e+01
1.847534179687500000e+02,5.785391998291015625e+01,4.644095993041992188e+01,8.045854187011718750e+01
2.817596740722656250e+02,1.010227432250976562e+02,6.354322433471679688e+01,1.171937026977539062e+02
1.834677124023437500e+02,5.737806701660156250e+01,4.731954956054687500e+01,7.877010345458984375e+01
1.805283508300781250e+02,5.605425643920898438e+01,5.053681945800781250e+01,7.393726348876953125e+01
1.804195098876953125e+02,5.783142852783203125e+01,5.403756332397460938e+01,6.855052185058593750e+01
1.791888122558593750e+02,5.587429428100585938e+01,5.206334686279296875e+01,7.125118255615234375e+01
1.781563720703125000e+02,5.442156600952148438e+01,5.535999679565429688e+01,6.837480163574218750e+01
1.755856781005859375e+02,5.586424255371093750e+01,5.387318420410156250e+01,6.584825134277343750e+01
1.740144653320312500e+02,5.635367965698242188e+01,5.237831115722656250e+01,6.528247833251953125e+01
1.708476867675781250e+02,5.708848953247070312e+01,5.278554916381835938e+01,6.097364044189453125e+01
1.674272918701171875e+02,5.840972137451171875e+01,5.146862030029296875e+01,5.754894638061523438e+01
1.637139892578125000e+02,5.779045867919921875e+01,5.215233993530273438e+01,5.377118682861328125e+01
1.578390197753906250e+02,5.415960311889648438e+01,5.547963333129882812e+01,4.819977569580078125e+01
1.525879211425781250e+02,5.206588363647460938e+01,5.549285125732421875e+01,4.502918243408203125e+01
1.481139221191406250e+02,4.991454696655273438e+01,4.990221405029296875e+01,4.829717254638671875e+01
1.883462219238281250e+02,6.374873733520507812e+01,5.263805007934570312e+01,7.195943450927734375e+01
1.360486602783203125e+02,5.022154998779296875e+01,4.795963287353515625e+01,3.786747360229492188e+01
3.005642700195312500e+02,9.706004333496093750e+01,5.981595993041992188e+01,1.436882629394531250e+02
1.319669036865234375e+02,4.925249862670898438e+01,4.766581726074218750e+01,3.504858398437500000e+01
1.266665649414062500e+02,4.711106491088867188e+01,4.672694778442382812e+01,3.282854843139648438e+01
1.210105514526367188e+02,4.719871902465820312e+01,4.348142623901367188e+01,3.033040618896484375e+01
1.139297103881835938e+02,5.317586135864257812e+01,3.536436462402343750e+01,2.538948822021484375e+01
1.181716690063476562e+02,6.495277404785156250e+01,3.249266815185546875e+01,2.072622871398925781e+01
1.096604461669921875e+02,5.335510635375976562e+01,3.393368148803710938e+01,2.237166023254394531e+01
1.104052352905273438e+02,5.247172546386718750e+01,3.481390762329101562e+01,2.311960601806640625e+01
1.084269714355468750e+02,5.198369216918945312e+01,3.406246948242187500e+01,2.238080978393554688e+01
1.082489700317382812e+02,5.330406570434570312e+01,3.441607284545898438e+01,2.052883338928222656e+01
1.072434616088867188e+02,5.233966827392578125e+01,3.418058013916015625e+01,2.072321510314941406e+01
1.065741271972656250e+02,5.333368682861328125e+01,3.441295623779296875e+01,1.882748031616210938e+01
1.064156951904296875e+02,5.473116683959960938e+01,3.302388763427734375e+01,1.866064643859863281e+01
1.057163696289062500e+02,5.363610076904296875e+01,3.349795532226562500e+01,1.858231544494628906e+01
1.048341217041015625e+02,5.356699752807617188e+01,3.303749084472656250e+01,1.822962760925292969e+01
1.043452682495117188e+02,5.324786758422851562e+01,3.308774948120117188e+01,1.800965309143066406e+01
1.034757232666015625e+02,5.275757980346679688e+01,3.292440414428710938e+01,1.779373550415039062e+01
1.032071609497070312e+02,5.137641906738281250e+01,3.387800979614257812e+01,1.795273780822753906e+01
1.032061157226562500e+02,5.141520690917968750e+01,3.314186096191406250e+01,1.864904594421386719e+01
1.030122833251953125e+02,5.125206375122070312e+01,3.349318695068359375e+01,1.826703262329101562e+01
1.025871276855468750e+02,5.159538650512695312e+01,3.307396316528320312e+01,1.791777992248535156e+01
1.016524658203125000e+02,5.206831741333007812e+01,3.218724441528320312e+01,1.739690780639648438e+01
1.008395690917968750e+02,5.224256896972656250e+01,3.174869537353515625e+01,1.684830665588378906e+01
1.170970153808593750e+02,6.288879394531250000e+01,3.313186264038085938e+01,2.107635498046875000e+01
1.004869918823242188e+02,5.248320007324218750e+01,3.111223030090332031e+01,1.689156150817871094e+01
9.988410949707031250e+01,5.254443359375000000e+01,3.047274208068847656e+01,1.686693572998046875e+01
9.916150665283203125e+01,5.319038391113281250e+01,2.907778930664062500e+01,1.689333343505859375e+01
9.865632629394531250e+01,5.362753677368164062e+01,2.806585693359375000e+01,1.696293640136718750e+01
9.796431732177734375e+01,5.483164596557617188e+01,2.641571998596191406e+01,1.671695137023925781e+01
9.735158538818359375e+01,5.447447586059570312e+01,2.542296791076660156e+01,1.745413780212402344e+01
9.650846862792968750e+01,5.352788162231445312e+01,2.582225608825683594e+01,1.715832901000976562e+01
9.518350982666015625e+01,5.130039596557617188e+01,2.698491096496582031e+01,1.689819908142089844e+01
9.427851867675781250e+01,4.957198333740234375e+01,2.750974655151367188e+01,1.719679069519042969e+01
9.271296691894531250e+01,4.674237823486328125e+01,2.800768089294433594e+01,1.796290588378906250e+01
9.128552246093750000e+01,4.455964279174804688e+01,2.798956680297851562e+01,1.873631095886230469e+01
8.938732910156250000e+01,4.170477294921875000e+01,2.788871192932128906e+01,1.979384613037109375e+01
8.732990264892578125e+01,3.909536361694335938e+01,2.772619819641113281e+01,2.050833892822265625e+01
8.500860595703125000e+01,3.664933395385742188e+01,2.585441970825195312e+01,2.250485610961914062e+01
8.241043853759765625e+01,3.487970352172851562e+01,2.587368774414062500e+01,2.165704727172851562e+01
8.071833038330078125e+01,3.510257339477539062e+01,2.470482826232910156e+01,2.091092681884765625e+01
7.910874176025390625e+01,3.400771331787109375e+01,2.410719299316406250e+01,2.099383735656738281e+01
7.720425415039062500e+01,3.236749649047851562e+01,2.380113410949707031e+01,2.103561973571777344e+01
7.490815734863281250e+01,3.136659431457519531e+01,2.279590988159179688e+01,2.074565315246582031e+01
7.186434173583984375e+01,3.009237289428710938e+01,2.246286201477050781e+01,1.930910491943359375e+01
6.922280883789062500e+01,2.956246566772460938e+01,2.222491645812988281e+01,1.743542861938476562e+01
6.732472991943359375e+01,2.886120605468750000e+01,2.368766593933105469e+01,1.477585601806640625e+01
6.576798248291015625e+01,2.905184555053710938e+01,2.503290939331054688e+01,1.168322944641113281e+01
6.308798980712890625e+01,2.727803611755371094e+01,2.482627105712890625e+01,1.098368167877197266e+01
6.062313461303710938e+01,2.700716781616210938e+01,2.397296333312988281e+01,9.643002510070800781e+00
5.893048858642578125e+01,2.650016975402832031e+01,2.269279098510742188e+01,9.737526893615722656e+00
5.755754852294921875e+01,2.658739089965820312e+01,2.102223968505859375e+01,9.947917938232421875e+00
5.700974655151367188e+01,2.659914016723632812e+01,2.024968338012695312e+01,1.016092395782470703e+01
5.622227096557617188e+01,2.587395668029785156e+01,2.016848373413085938e+01,1.017982864379882812e+01
5.563158416748046875e+01,2.568250274658203125e+01,2.012897300720214844e+01,9.820105552673339844e+00
5.500403594970703125e+01,2.586128807067871094e+01,2.004456520080566406e+01,9.098183631896972656e+00
5.396919250488281250e+01,2.512822151184082031e+01,1.978941726684570312e+01,9.051551818847656250e+00
5.313061904907226562e+01,2.466166877746582031e+01,1.971978759765625000e+01,8.749164581298828125e+00
5.312792205810546875e+01,2.441260910034179688e+01,2.046255302429199219e+01,8.252759933471679688e+00
5.287211990356445312e+01,2.439064788818359375e+01,2.003329086303710938e+01,8.448180198669433594e+00
5.269614791870117188e+01,2.382111358642578125e+01,2.074628448486328125e+01,8.128748893737792969e+00
5.231315994262695312e+01,2.380097389221191406e+01,2.058543777465820312e+01,7.926746368408203125e+00
5.211790466308593750e+01,2.397374916076660156e+01,2.035174942016601562e+01,7.792402267456054688e+00
5.199335098266601562e+01,2.391790771484375000e+01,2.062926673889160156e+01,7.446177959442138672e+00
5.183671569824218750e+01,2.387249755859375000e+01,2.065708160400390625e+01,7.307136535644531250e+00
5.179143905639648438e+01,2.380788040161132812e+01,2.084625244140625000e+01,7.137305736541748047e+00
5.186476516723632812e+01,2.405339431762695312e+01,2.096863365173339844e+01,6.842740535736083984e+00
5.176501464843750000e+01,2.386400413513183594e+01,2.087664413452148438e+01,7.024367332458496094e+00
5.159387969970703125e+01,2.371018409729003906e+01,2.104610252380371094e+01,6.837591648101806641e+00
5.136439132690429688e+01,2.367146873474121094e+01,2.092317581176757812e+01,6.769748210906982422e+00
5.094059371948242188e+01,2.339413833618164062e+01,2.036585426330566406e+01,7.180598735809326172e+00
5.082986831665039062e+01,2.362864494323730469e+01,1.971209335327148438e+01,7.489133358001708984e+00
5.031194305419921875e+01,2.336895179748535156e+01,1.938713645935058594e+01,7.555855274200439453e+00
4.984177780151367188e+01,2.288466453552246094e+01,1.912582969665527344e+01,7.831282138824462891e+00
4.902229690551757812e+01,2.242752075195312500e+01,1.821769142150878906e+01,8.377087593078613281e+00
4.787284088134765625e+01,2.194261169433593750e+01,1.711737060546875000e+01,8.812857627868652344e+00
5.006328582763671875e+01,2.315530586242675781e+01,1.767346191406250000e+01,9.234521865844726562e+00
4.695677947998046875e+01,2.107314109802246094e+01,1.704312324523925781e+01,8.840517044067382812e+00
5.017128753662109375e+01,2.305611801147460938e+01,1.579329013824462891e+01,1.132188129425048828e+01
4.562842559814453125e+01,2.068856430053710938e+01,1.593893432617187500e+01,9.000926971435546875e+00
4.888605499267578125e+01,2.273389053344726562e+01,1.484040164947509766e+01,1.131176471710205078e+01
4.459076309204101562e+01,2.021930503845214844e+01,1.528542423248291016e+01,9.086033821105957031e+00
4.352648162841796875e+01,2.046645927429199219e+01,1.419315624237060547e+01,8.866868019104003906e+00
4.235012435913085938e+01,1.919595718383789062e+01,1.385052013397216797e+01,9.303645133972167969e+00
4.029267883300781250e+01,1.796980857849121094e+01,1.286466312408447266e+01,9.458205223083496094e+00
3.993186187744140625e+01,1.728296089172363281e+01,1.102904605865478516e+01,1.161985301971435547e+01
3.892938613891601562e+01,1.721549797058105469e+01,1.207719135284423828e+01,9.636696815490722656e+00
3.725559234619140625e+01,1.764068031311035156e+01,9.903621673583984375e+00,9.711289405822753906e+00
3.525527191162109375e+01,1.724771308898925781e+01,8.974106788635253906e+00,9.033452987670898438e+00
3.625325393676757812e+01,1.891687393188476562e+01,1.086213970184326172e+01,6.474239826202392578e+00
3.457458877563476562e+01,1.739589881896972656e+01,9.473039627075195312e+00,7.705649375915527344e+00
3.354460525512695312e+01,1.830687904357910156e+01,8.118987083435058594e+00,7.118738651275634766e+00
3.454406356811523438e+01,1.870772361755371094e+01,8.111454010009765625e+00,7.724885940551757812e+00
3.257328033447265625e+01,1.756672286987304688e+01,7.983786582946777344e+00,7.022768974304199219e+00
3.147198867797851562e+01,1.686047172546386719e+01,7.902472972869873047e+00,6.709042549133300781e+00
3.039622116088867188e+01,1.630632209777832031e+01,8.129289627075195312e+00,5.960610389709472656e+00
2.919623184204101562e+01,1.544338703155517578e+01,8.428181648254394531e+00,5.324662685394287109e+00
2.810242080688476562e+01,1.510982418060302734e+01,8.073649406433105469e+00,4.918946743011474609e+00
2.695894622802734375e+01,1.427916240692138672e+01,8.075835227966308594e+00,4.603949069976806641e+00
2.614124679565429688e+01,1.340259552001953125e+01,8.516043663024902344e+00,4.222607612609863281e+00
2.596628952026367188e+01,1.307694053649902344e+01,8.850960731506347656e+00,4.038386821746826172e+00
2.576611518859863281e+01,1.309486007690429688e+01,8.650442123413085938e+00,4.020813465118408203e+00
2.539819145202636719e+01,1.264933204650878906e+01,8.593461990356445312e+00,4.155397891998291016e+00
2.490792274475097656e+01,1.196102619171142578e+01,8.726873397827148438e+00,4.220021724700927734e+00
2.452064704895019531e+01,1.148496913909912109e+01,8.659733772277832031e+00,4.375944614410400391e+00
2.430387496948242188e+01,1.093775463104248047e+01,8.887428283691406250e+00,4.478690147399902344e+00
2.411940193176269531e+01,1.079181098937988281e+01,8.780092239379882812e+00,4.547498226165771484e+00
2.397615814208984375e+01,1.061845397949218750e+01,8.725271224975585938e+00,4.632433414459228516e+00
2.379070854187011719e+01,1.038995361328125000e+01,8.614190101623535156e+00,4.786566257476806641e+00
2.343290901184082031e+01,1.002559471130371094e+01,8.150291442871093750e+00,5.257022380828857422e+00
2.307828140258789062e+01,9.690995216369628906e+00,7.389788150787353516e+00,5.997496604919433594e+00
2.284166336059570312e+01,9.463924407958984375e+00,6.967875480651855469e+00,6.409862518310546875e+00
2.274040222167968750e+01,9.390457153320312500e+00,6.603885650634765625e+00,6.746059417724609375e+00
2.261926078796386719e+01,9.268914222717285156e+00,6.564930438995361328e+00,6.785416126251220703e+00
2.249683189392089844e+01,9.237364768981933594e+00,6.561826229095458984e+00,6.697641849517822266e+00
2.220577621459960938e+01,9.124862670898437500e+00,6.428129196166992188e+00,6.652784347534179688e+00
2.180908966064453125e+01,9.024510383605957031e+00,6.042508125305175781e+00,6.742070198059082031e+00
2.139669036865234375e+01,8.871009826660156250e+00,5.335038185119628906e+00,7.190641403198242188e+00
2.125598907470703125e+01,8.923909187316894531e+00,4.987131118774414062e+00,7.344948768615722656e+00
2.109259033203125000e+01,8.656585693359375000e+00,4.849745273590087891e+00,7.586258888244628906e+00
2.100648117065429688e+01,8.615241050720214844e+00,4.751585483551025391e+00,7.639654636383056641e+00
2.075365257263183594e+01,8.536350250244140625e+00,4.630339622497558594e+00,7.586962699890136719e+00
2.009165191650390625e+01,8.191308975219726562e+00,4.367698669433593750e+00,7.532643318176269531e+00
1.923553466796875000e+01,8.072169303894042969e+00,4.497443199157714844e+00,6.665923118591308594e+00
1.836211204528808594e+01,7.595678329467773438e+00,4.138277053833007812e+00,6.628156185150146484e+00
1.982596397399902344e+01,8.966193199157714844e+00,4.297307014465332031e+00,6.562464237213134766e+00
1.785361480712890625e+01,7.319480419158935547e+00,4.104987621307373047e+00,6.429147243499755859e+00
1.713145637512207031e+01,7.074496746063232422e+00,4.128710269927978516e+00,5.928249359130859375e+00
1.668481826782226562e+01,6.883489608764648438e+00,4.102387428283691406e+00,5.698941230773925781e+00
1.619947814941406250e+01,7.007502079010009766e+00,3.989413976669311523e+00,5.202562332153320312e+00
1.589956855773925781e+01,7.133102893829345703e+00,3.672135591506958008e+00,5.094329833984375000e+00
1.557424354553222656e+01,6.958652496337890625e+00,3.436352491378784180e+00,5.179238319396972656e+00
1.534318923950195312e+01,6.941990852355957031e+00,3.243528604507446289e+00,5.157670021057128906e+00
1.516987228393554688e+01,6.905500411987304688e+00,2.905836582183837891e+00,5.358535289764404297e+00
1.534789657592773438e+01,7.267679691314697266e+00,2.758170127868652344e+00,5.322046279907226562e+00
1.504997730255126953e+01,6.940088748931884766e+00,2.783120393753051758e+00,5.326767921447753906e+00
1.489782142639160156e+01,6.893912792205810547e+00,2.730499505996704102e+00,5.273408412933349609e+00
1.463336563110351562e+01,6.859705924987792969e+00,2.620390176773071289e+00,5.153270244598388672e+00
1.448171901702880859e+01,6.696090698242187500e+00,2.473398923873901367e+00,5.312229156494140625e+00
1.425383377075195312e+01,6.578064918518066406e+00,2.402896165847778320e+00,5.272872447967529297e+00
1.401371097564697266e+01,6.658483028411865234e+00,2.244487285614013672e+00,5.110740661621093750e+00
1.375708389282226562e+01,6.163734436035156250e+00,2.244950056076049805e+00,5.348398685455322266e+00
1.356436920166015625e+01,6.015899181365966797e+00,2.091945886611938477e+00,5.456523895263671875e+00
1.335621643066406250e+01,5.824378490447998047e+00,2.005603075027465820e+00,5.526235103607177734e+00
1.316950225830078125e+01,5.464694976806640625e+00,2.019839286804199219e+00,5.684967994689941406e+00
1.285291862487792969e+01,5.110875606536865234e+00,1.961641788482666016e+00,5.780401706695556641e+00
1.257455730438232422e+01,4.817470073699951172e+00,1.723970413208007812e+00,6.033116817474365234e+00
1.239443397521972656e+01,4.548900127410888672e+00,1.596603989601135254e+00,6.248929977416992188e+00
1.231638336181640625e+01,4.450180530548095703e+00,1.591442704200744629e+00,6.274760246276855469e+00
1.215216636657714844e+01,4.411026000976562500e+00,1.528299689292907715e+00,6.212840080261230469e+00
1.203821086883544922e+01,4.347979545593261719e+00,1.537037014961242676e+00,6.153194427490234375e+00
1.195929527282714844e+01,4.370885372161865234e+00,1.617220520973205566e+00,5.971189498901367188e+00
1.182677459716796875e+01,4.194140434265136719e+00,1.631319046020507812e+00,6.001315593719482422e+00
1.172626304626464844e+01,4.100866317749023438e+00,1.636732816696166992e+00,5.988663673400878906e+00
1.161539840698242188e+01,3.956161022186279297e+00,1.673414826393127441e+00,5.985822677612304688e+00
1.164801216125488281e+01,3.788609027862548828e+00,1.732499957084655762e+00,6.126903057098388672e+00
1.156482315063476562e+01,3.864926338195800781e+00,1.684097170829772949e+00,6.015799999237060547e+00
1.148605155944824219e+01,3.727389097213745117e+00,1.719421148300170898e+00,6.039241790771484375e+00
1.151595878601074219e+01,3.755103826522827148e+00,1.710711956024169922e+00,6.050143241882324219e+00
1.146662902832031250e+01,3.713699579238891602e+00,1.710778713226318359e+00,6.042150497436523438e+00
1.144032287597656250e+01,3.643481254577636719e+00,1.703823447227478027e+00,6.093017578125000000e+00
1.137196731567382812e+01,3.430820941925048828e+00,1.732418656349182129e+00,6.208727836608886719e+00
1.139861583709716797e+01,3.202236890792846680e+00,1.829429507255554199e+00,6.366949558258056641e+00
1.133802032470703125e+01,3.317641496658325195e+00,1.749496698379516602e+00,6.270882129669189453e+00
1.129027748107910156e+01,3.263247013092041016e+00,1.762020111083984375e+00,6.265010833740234375e+00
1.124480247497558594e+01,3.187871694564819336e+00,1.814565777778625488e+00,6.242364406585693359e+00
1.118192958831787109e+01,3.142777204513549805e+00,1.860382199287414551e+00,6.178770065307617188e+00
1.107420444488525391e+01,3.078241348266601562e+00,1.909294962882995605e+00,6.086668014526367188e+00
1.095474338531494141e+01,3.017457008361816406e+00,1.971914291381835938e+00,5.965372085571289062e+00
1.082163333892822266e+01,3.005198717117309570e+00,2.006238937377929688e+00,5.810195922851562500e+00
1.072253036499023438e+01,2.969134092330932617e+00,2.031181335449218750e+00,5.722215175628662109e+00
1.061341285705566406e+01,2.913512706756591797e+00,2.070063829421997070e+00,5.629836559295654297e+00
1.047960948944091797e+01,2.816091299057006836e+00,2.142478227615356445e+00,5.521039962768554688e+00
1.034608650207519531e+01,2.716297149658203125e+00,2.229629993438720703e+00,5.400159835815429688e+00
1.020878410339355469e+01,2.798666715621948242e+00,2.292591333389282227e+00,5.117525577545166016e+00
1.016695117950439453e+01,2.726801633834838867e+00,2.313578128814697266e+00,5.126571655273437500e+00
1.000126075744628906e+01,2.785748958587646484e+00,2.295704364776611328e+00,4.919807910919189453e+00
9.893659591674804688e+00,2.903991460800170898e+00,2.036756038665771484e+00,4.952912330627441406e+00
9.879697799682617188e+00,3.038281679153442383e+00,2.053827047348022461e+00,4.787588596343994141e+00
9.760021209716796875e+00,2.885236263275146484e+00,2.020117759704589844e+00,4.854667663574218750e+00
9.529596328735351562e+00,2.891225576400756836e+00,1.998169898986816406e+00,4.640201091766357422e+00
9.312025070190429688e+00,3.074826002120971680e+00,1.917274832725524902e+00,4.319923877716064453e+00
9.182332038879394531e+00,3.111187219619750977e+00,1.779437661170959473e+00,4.291707038879394531e+00
9.073928833007812500e+00,3.223890781402587891e+00,1.697128415107727051e+00,4.152910232543945312e+00
9.028407096862792969e+00,3.186933040618896484e+00,1.685691952705383301e+00,4.155782222747802734e+00
8.989091873168945312e+00,3.211049318313598633e+00,1.689696669578552246e+00,4.088346004486083984e+00
8.955097198486328125e+00,3.197584152221679688e+00,1.744625091552734375e+00,4.012887477874755859e+00
8.939861297607421875e+00,3.205286741256713867e+00,1.757686734199523926e+00,3.976887464523315430e+00
8.919124603271484375e+00,3.161632061004638672e+00,1.761319637298583984e+00,3.996172428131103516e+00
8.889326095581054688e+00,3.109565734863281250e+00,1.792934894561767578e+00,3.986825942993164062e+00
8.853683471679687500e+00,3.032130479812622070e+00,1.790593624114990234e+00,4.030959129333496094e+00
8.836139678955078125e+00,2.991027832031250000e+00,1.775095701217651367e+00,4.070015430450439453e+00
8.854778289794921875e+00,3.015023231506347656e+00,1.743861913681030273e+00,4.095892429351806641e+00
8.831471443176269531e+00,2.995162487030029297e+00,1.763251304626464844e+00,4.073057651519775391e+00
8.824542999267578125e+00,2.991141796112060547e+00,1.749479413032531738e+00,4.083922386169433594e+00
8.812440872192382812e+00,2.986692667007446289e+00,1.732044219970703125e+00,4.093704223632812500e+00
8.806765556335449219e+00,2.983992576599121094e+00,1.734720706939697266e+00,4.088052272796630859e+00
8.786275863647460938e+00,2.977360248565673828e+00,1.717617034912109375e+00,4.091298580169677734e+00
8.759792327880859375e+00,2.967454671859741211e+00,1.703315854072570801e+00,4.089021205902099609e+00
8.724918365478515625e+00,2.939483880996704102e+00,1.683696627616882324e+00,4.101738452911376953e+00
8.675094604492187500e+00,2.892490148544311523e+00,1.658675670623779297e+00,4.123929023742675781e+00
8.687202453613281250e+00,2.855046510696411133e+00,1.661981225013732910e+00,4.170174121856689453e+00
8.649684906005859375e+00,2.860973119735717773e+00,1.651394844055175781e+00,4.137316703796386719e+00
8.540237426757812500e+00,2.677337646484375000e+00,1.642396926879882812e+00,4.220503330230712891e+00
8.410810470581054688e+00,2.603815555572509766e+00,1.568845748901367188e+00,4.238149642944335938e+00
8.025224685668945312e+00,2.179634094238281250e+00,1.387830734252929688e+00,4.457760334014892578e+00
8.016007423400878906e+00,2.127109289169311523e+00,1.358504533767700195e+00,4.530393600463867188e+00
7.944084644317626953e+00,2.103584289550781250e+00,1.359528899192810059e+00,4.480971336364746094e+00
7.830978870391845703e+00,1.865761160850524902e+00,1.341869831085205078e+00,4.623347759246826172e+00
7.765322208404541016e+00,1.826099157333374023e+00,1.366545438766479492e+00,4.572677612304687500e+00
7.737005233764648438e+00,1.828439831733703613e+00,1.369284987449645996e+00,4.539280414581298828e+00
1.465308570861816406e+01,6.155370712280273438e+00,3.701744318008422852e+00,4.795970916748046875e+00
7.714046478271484375e+00,1.815595030784606934e+00,1.424227714538574219e+00,4.474223613739013672e+00
7.687797546386718750e+00,1.751481652259826660e+00,1.415488719940185547e+00,4.520827293395996094e+00
7.669492244720458984e+00,1.721122145652770996e+00,1.430757761001586914e+00,4.517612457275390625e+00
7.655702590942382812e+00,1.705533981323242188e+00,1.429537534713745117e+00,4.520631313323974609e+00
7.644903659820556641e+00,1.687577843666076660e+00,1.426725864410400391e+00,4.530600070953369141e+00
7.638748645782470703e+00,1.686352014541625977e+00,1.416109681129455566e+00,4.536286830902099609e+00
7.632298469543457031e+00,1.678727149963378906e+00,1.408979296684265137e+00,4.544591903686523438e+00
7.627328872680664062e+00,1.681282043457031250e+00,1.401008605957031250e+00,4.545038223266601562e+00
7.624396324157714844e+00,1.675503730773925781e+00,1.394225358963012695e+00,4.554667472839355469e+00
7.624294281005859375e+00,1.678642749786376953e+00,1.399044990539550781e+00,4.546606540679931641e+00
7.622825622558593750e+00,1.675939798355102539e+00,1.396506309509277344e+00,4.550379276275634766e+00
7.622189044952392578e+00,1.677513122558593750e+00,1.394205927848815918e+00,4.550469875335693359e+00
7.620677947998046875e+00,1.679060935974121094e+00,1.390138268470764160e+00,4.551478862762451172e+00
7.616925716400146484e+00,1.690128087997436523e+00,1.382800698280334473e+00,4.543996810913085938e+00
7.615354061126708984e+00,1.706554055213928223e+00,1.390966653823852539e+00,4.517833232879638672e+00
7.612472534179687500e+00,1.730300426483154297e+00,1.400494813919067383e+00,4.481677055358886719e+00
7.611382484436035156e+00,1.730643272399902344e+00,1.408030986785888672e+00,4.472708225250244141e+00
7.608843803405761719e+00,1.735827803611755371e+00,1.428242921829223633e+00,4.444773197174072266e+00
7.605608940124511719e+00,1.743100523948669434e+00,1.446555495262145996e+00,4.415953159332275391e+00
7.602529525756835938e+00,1.747130870819091797e+00,1.488003134727478027e+00,4.367395401000976562e+00
7.604569435119628906e+00,1.750730872154235840e+00,1.496584773063659668e+00,4.357253551483154297e+00
7.600257873535156250e+00,1.747243762016296387e+00,1.490876078605651855e+00,4.362138271331787109e+00
7.598045825958251953e+00,1.748235702514648438e+00,1.497002124786376953e+00,4.352807998657226562e+00
7.594297409057617188e+00,1.745888233184814453e+00,1.507782101631164551e+00,4.340627193450927734e+00
7.593611717224121094e+00,1.738495469093322754e+00,1.505180478096008301e+00,4.349936008453369141e+00
7.590401649475097656e+00,1.734255075454711914e+00,1.509298443794250488e+00,4.346848011016845703e+00
7.586830615997314453e+00,1.720417261123657227e+00,1.510777592658996582e+00,4.355635643005371094e+00
7.578736782073974609e+00,1.715314984321594238e+00,1.515701651573181152e+00,4.347720146179199219e+00
7.559784412384033203e+00,1.704911231994628906e+00,1.530836701393127441e+00,4.324036598205566406e+00
7.525426387786865234e+00,1.679759860038757324e+00,1.522999882698059082e+00,4.322666645050048828e+00
7.679971694946289062e+00,1.766506791114807129e+00,1.710482597351074219e+00,4.202982425689697266e+00
7.466463088989257812e+00,1.663598537445068359e+00,1.533892393112182617e+00,4.268972396850585938e+00
7.334947586059570312e+00,1.610015749931335449e+00,1.502763152122497559e+00,4.222168922424316406e+00
7.180594444274902344e+00,1.542626142501831055e+00,1.526388168334960938e+00,4.111580371856689453e+00
7.277811050415039062e+00,1.573490381240844727e+00,1.831344127655029297e+00,3.872976303100585938e+00
7.087330818176269531e+00,1.481294512748718262e+00,1.637529015541076660e+00,3.968507289886474609e+00
7.010856628417968750e+00,1.421064496040344238e+00,1.805611848831176758e+00,3.784179925918579102e+00
6.986987590789794922e+00,1.402870178222656250e+00,1.647352099418640137e+00,3.936765193939208984e+00
6.958637237548828125e+00,1.386275410652160645e+00,1.715044975280761719e+00,3.857317209243774414e+00
7.003921508789062500e+00,1.389381647109985352e+00,1.670936226844787598e+00,3.943603515625000000e+00
6.936498641967773438e+00,1.358072757720947266e+00,1.696352005004882812e+00,3.882073640823364258e+00
6.918519496917724609e+00,1.341302037239074707e+00,1.650415658950805664e+00,3.926801681518554688e+00
6.900297641754150391e+00,1.308467268943786621e+00,1.606958985328674316e+00,3.984871387481689453e+00
6.887300491333007812e+00,1.287576317787170410e+00,1.570341706275939941e+00,4.029382228851318359e+00
6.880024433135986328e+00,1.272866249084472656e+00,1.554273605346679688e+00,4.052884578704833984e+00
6.876510143280029297e+00,1.260398030281066895e+00,1.542985320091247559e+00,4.073126792907714844e+00
6.873607158660888672e+00,1.259579062461853027e+00,1.528179764747619629e+00,4.085848331451416016e+00
6.871179580688476562e+00,1.253486037254333496e+00,1.520792007446289062e+00,4.096901416778564453e+00
6.868904113769531250e+00,1.242819190025329590e+00,1.503350019454956055e+00,4.122735023498535156e+00
6.867585659027099609e+00,1.238298773765563965e+00,1.489264726638793945e+00,4.140022277832031250e+00
6.867506027221679688e+00,1.237128019332885742e+00,1.488276243209838867e+00,4.142101764678955078e+00
6.866543292999267578e+00,1.236827969551086426e+00,1.486367464065551758e+00,4.143347740173339844e+00
6.866767883300781250e+00,1.236478686332702637e+00,1.489135622978210449e+00,4.141153335571289062e+00
6.867175102233886719e+00,1.237043380737304688e+00,1.486838817596435547e+00,4.143292903900146484e+00
6.866891384124755859e+00,1.236861944198608398e+00,1.486265063285827637e+00,4.143764495849609375e+00
6.866487503051757812e+00,1.236756682395935059e+00,1.486362814903259277e+00,4.143368244171142578e+00
6.866403579711914062e+00,1.236686229705810547e+00,1.486378431320190430e+00,4.143339157104492188e+00
6.867400646209716797e+00,1.237106204032897949e+00,1.486390709877014160e+00,4.143903732299804688e+00
6.866393089294433594e+00,1.236685276031494141e+00,1.486368298530578613e+00,4.143339633941650391e+00
6.866393089294433594e+00,1.236685276031494141e+00,1.486368298530578613e+00,4.143339633941650391e+00
6.866678237915039062e+00,1.236583352088928223e+00,1.486518502235412598e+00,4.143576622009277344e+00
6.866393089294433594e+00,1.236685276031494141e+00,1.486368298530578613e+00,4.143339633941650391e+00
6.866393566131591797e+00,1.236685633659362793e+00,1.486368298530578613e+00,4.143339633941650391e+00
6.866393089294433594e+00,1.236685276031494141e+00,1.486368298530578613e+00,4.143339633941650391e+00
6.866642951965332031e+00,1.236520886421203613e+00,1.489165186882019043e+00,4.140956878662109375e+00
6.866556644439697266e+00,1.236423373222351074e+00,1.486878871917724609e+00,4.143254280090332031e+00
6.867364883422851562e+00,1.237348675727844238e+00,1.486430764198303223e+00,4.143585681915283203e+00
6.866654396057128906e+00,1.236918568611145020e+00,1.486342906951904297e+00,4.143393039703369141e+00
6.866393089294433594e+00,1.236685276031494141e+00,1.486368298530578613e+00,4.143339633941650391e+00
6.866393089294433594e+00,1.236685276031494141e+00,1.486368298530578613e+00,4.143339633941650391e+00
6.866393089294433594e+00,1.236685276031494141e+00,1.486368298530578613e+00,4.143339633941650391e+00
6.866393089294433594e+00,1.236685276031494141e+00,1.486368298530578613e+00,4.143339633941650391e+00
6.866393089294433594e+00,1.236685276031494141e+00,1.486368298530578613e+00,4.143339633941650391e+00
