0.000000000000000000e+00
-6.071048903757004385e-07
-2.419248631702319881e-06
-5.422678368779043378e-06
-9.603652988693134034e-06
-1.494845532381573501e-05
-2.144340765323419538e-05
-2.907488956931636833e-05
-3.782935729823549948e-05
-4.769336359530369855e-05
-5.865357737884872044e-05
-7.069680232050774924e-05
-8.380999367518631989e-05
-9.798027271013998629e-05
-1.131949381788167392e-04
-1.294414743801187604e-04
-1.467075554460737824e-04
-1.649810456088405956e-04
-1.842499953095531906e-04
-2.045026331245538025e-04
-2.257273535969651326e-04
-2.479127011709032747e-04
-2.710473505298041934e-04
-2.951200837370179775e-04
-3.201197646640216660e-04
-3.460353112673466040e-04
-3.728556663379615946e-04
-4.005697673949268258e-04
-4.291665164275078304e-04
-4.586347502058089605e-04
-4.889632118788592120e-04
-5.201405245608584993e-04
-5.521551675712267800e-04
-5.849954559428316046e-04
-6.186495237462426430e-04
-6.531053116974577365e-04
-6.883505594238606504e-04
-7.243728026601447666e-04
-7.611593755347662287e-04
-7.986974179905191639e-04
-8.369738882626151250e-04
-8.759755802168329953e-04
-9.156891452315543429e-04
-9.561011181935350368e-04
-9.971979470706411088e-04
-1.038966025428056904e-03
-1.081391727169940271e-03
-1.124461442718247255e-03
-1.168161615786342082e-03
-1.212478779868508870e-03
-1.257399593548810552e-03
-1.302910873734636947e-03
-1.348999625942160982e-03
-1.395653070802774622e-03
-1.442858666020954738e-03
-1.490604123094036457e-03
-1.538877418201869312e-03
-1.587666796787627578e-03
-1.636960771478161757e-03
-1.686748113130972756e-03
-1.737017834942535671e-03
-1.787759169706593489e-03
-1.838961540468166816e-03
-1.890614524976346779e-03
-1.942707814493381925e-03
-1.995231167665932441e-03
-2.048174360303781430e-03
-2.101527132038694817e-03
-2.155279130948972548e-03
-2.209419857330971199e-03
-2.263938607875509105e-03
-2.318824421562579695e-03
-2.374066028621094407e-03
-2.429651803910234942e-03
-2.485569726065031855e-03
-2.541807343710890139e-03
-2.598351749990434386e-03
-2.655189566562066866e-03
-2.712306938124403512e-03
-2.769689538396186666e-03
-2.827322588339248582e-03
-2.885190887255801966e-03
-2.943278857223059590e-03
-3.001570601151493014e-03
-3.060049974571771823e-03
-3.118700671071878913e-03
-3.177506321126292738e-03
-3.236450603884099934e-03
-3.295517371319422670e-03
-3.354690783996788946e-03
-3.413955457571944078e-03
-3.473296619036185875e-03
-3.532700271625308346e-03
-3.592153367253476167e-03
-3.651643985301516581e-03
-3.711161516591527081e-03
-3.770696851413830094e-03
-3.830242570545603579e-03
-3.889793138306506769e-03
-3.949345096845855059e-03
0.000000000000000000e+00
-7.322855159903160193e-07
-2.910537230594549444e-06
-6.506849512960399134e-06
-1.149332218935904758e-05
-1.784206644202926314e-05
-2.552521259980135380e-05
-3.451491954492152552e-05
-4.478338546735469210e-05
-5.630285970767179597e-05
-6.904565544273680202e-05
-8.298416298482706786e-05
-9.809086348447666076e-05
-1.143383428500430220e-04
-1.316993057223884728e-04
-1.501465893707286349e-04
-1.696531774050421778e-04
-1.901922132308677478e-04
-2.117370132031493849e-04
-2.342610794662501616e-04
-2.577381124966851220e-04
-2.821420233926570436e-04
-3.074469459795102846e-04
-3.336272488219502088e-04
-3.606575472517498972e-04
-3.885127155330983040e-04
-4.171678992962847641e-04
-4.465985283737052306e-04
-4.767803301699716570e-04
-5.076893436901265674e-04
-5.393019343365993605e-04
-5.715948095667762767e-04
-6.045450354791679498e-04
-6.381300543676049182e-04
-6.723277032501841222e-04
-7.071162333435517672e-04
-7.424743304142738696e-04
-7.783811358984088187e-04
-8.148162686388979101e-04
-8.517598470490013625e-04
-8.891925114697912368e-04
-9.270954464516847167e-04
-9.654504026552045018e-04
-1.004239718035574661e-03
-1.043446337950351688e-03
-1.083053833809905723e-03
-1.123046419877974126e-03
-1.163408967824349199e-03
-1.204127018634559756e-03
-1.245186791492499485e-03
-1.286575189271592411e-03
-1.328279800298231682e-03
-1.370288896087805408e-03
-1.412591424798285457e-03
-1.455177000198614335e-03
-1.498035886008301657e-03
-1.541158975529949076e-03
-1.584537766566885717e-03
-1.628164331692556321e-03
-1.672031284015656084e-03
-1.716131738663809452e-03
-1.760459270287613280e-03
-1.805007866964546560e-03
-1.849771880957252730e-03
-1.894745976851594602e-03
-1.939925077665169764e-03
-1.985304309575536448e-03
-2.030878945967771847e-03
-2.076644351542274343e-03
-2.122595927254793471e-03
-2.168729056880854076e-03
-2.215039056005304371e-03
-2.261521124234332734e-03
-2.308170301411691626e-03
-2.354981428593099727e-03
-2.401949114493038325e-03
-2.449067708066935897e-03
-2.496331277829708095e-03
-2.543733598439637100e-03
-2.591268144995852434e-03
-2.638928095409273384e-03
-2.686706341112633876e-03
-2.734595506276239936e-03
-2.782587975594578641e-03
-2.830675930606457724e-03
-2.878851394409639476e-03
-2.927106284532671361e-03
-2.975432473632600230e-03
-3.023821857600572042e-03
-3.072266430578926826e-03
-3.120758366325980353e-03
-3.169290105308946413e-03
-3.217854446864087860e-03
-3.266444645736669723e-03
-3.315054512303592781e-03
-3.363678515789743535e-03
-3.412311889815331997e-03
-3.460950739658403500e-03
-3.509592150681901598e-03
-3.558234297462830806e-03
0.000000000000000000e+00
-5.732978885254369242e-07
-2.280507029383972317e-06
-5.102596892509188158e-06
-9.020524558504867008e-06
-1.401522191830666677e-05
-2.006757951238354515e-05
-2.715842804997730268e-05
-3.526851862812871913e-05
-4.437850263997358255e-05
-5.446891232110670294e-05
-6.552014283110669287e-05
-7.751243670441853022e-05
-9.042587143092901990e-05
-1.042403508422627852e-04
-1.189356008859687481e-04
-1.344911702674864542e-04
-1.508864363305077814e-04
-1.681006164317073754e-04
-1.861127849475465465e-04
-2.049018959309645987e-04
-2.244468113161554785e-04
-2.447263344524271936e-04
-2.657192486352978242e-04
-2.874043601965336797e-04
-3.097605456166276322e-04
-3.327668020350245132e-04
-3.564023004567726553e-04
-3.806464408906101000e-04
-4.054789086039064377e-04
-4.308797306452700950e-04
-4.568293317665817767e-04
-4.833085888730714549e-04
-5.102988831428381146e-04
-5.377821489856262401e-04
-5.657409190542026563e-04
-5.941583645794586491e-04
-6.230183303712832042e-04
-6.523053639100306325e-04
-6.820047380464084371e-04
-7.121024669291673619e-04
-7.425853148881689583e-04
-7.734407981132287394e-04
-8.046571790845399126e-04
-8.362234538263341307e-04
-8.681293321696457749e-04
-9.003652113205699598e-04
-9.329221431352409475e-04
-9.657917956000976537e-04
-9.989664091041177731e-04
-1.032438748167155288e-03
-1.066202049353926363e-03
-1.100249966155622929e-03
-1.134576511659703959e-03
-1.169175999852703832e-03
-1.204042986410551117e-03
-1.239172209826049521e-03
-1.274558533704131091e-03
-1.310196891022728056e-03
-1.346082231111663408e-03
-1.382209470044650466e-03
-1.418573445071832050e-03
-1.455168873643524017e-03
-1.491990317491748066e-03
-1.529032152146328353e-03
-1.566288542168667482e-03
-1.603753422290625508e-03
-1.641420484550100119e-03
-1.679283171420648674e-03
-1.717334674841786450e-03
-1.755567940970760273e-03
-1.793975680397568318e-03
-1.832550383493653564e-03
-1.871284340502687429e-03
-1.910169665929732554e-03
-1.949198326743789437e-03
-1.988362173878767316e-03
-2.027652976499310245e-03
-2.067062458491022211e-03
-2.106582336638723480e-03
-2.146204359971524023e-03
-2.185920349778402039e-03
-2.225722239832181315e-03
-2.265602116402072683e-03
-2.305552257683633754e-03
-2.345565172329667439e-03
-2.385633636823270183e-03
-2.425750731495054154e-03
-2.465909875047356259e-03
-2.506104857508671593e-03
-2.546329871598784853e-03
-2.586579542539027467e-03
-2.626848956389588822e-03
-2.667133687037084259e-03
-2.707429821988962051e-03
-2.747733987153967543e-03
-2.788043370802945238e-03
-2.828355746905578463e-03
-2.868669498031156152e-03
-2.908983637979280484e-03
0.000000000000000000e+00
-2.576716342594632401e-07
-1.029823358856785365e-06
-2.315155444315366490e-06
-4.112351676170703654e-06
-6.420062162608815431e-06
-9.236881417114608067e-06
-1.256132298748564800e-05
-1.639179187573146015e-05
-2.072655595433943744e-05
-2.556371753199465204e-05
-3.090118615541997136e-05
-3.673665365342315865e-05
-4.306757233487856605e-05
-4.989113714503078573e-05
-5.720427246544888090e-05
-6.500362411376894010e-05
-7.328555696199861647e-05
-8.204615844882505817e-05
-9.128124811445433842e-05
-1.009863931386456056e-04
-1.111569297163730657e-04
-1.217879899637141312e-04
-1.328745339117118546e-04
-1.444113860206963347e-04
-1.563932755342497725e-04
-1.688148798928824999e-04
-1.816708703444806902e-04
-1.949559588233380205e-04
-2.086649451234172522e-04
-2.227927633653264939e-04
-2.373345267509153350e-04
-2.522855696145420452e-04
-2.676414858157053129e-04
-2.833981625731900171e-04
-2.995518089151435331e-04
-3.160989780111304230e-04
-3.330365827594592744e-04
-3.503619041238810569e-04
-3.680725918457565895e-04
-3.861666572984356395e-04
-4.046424583971442238e-04
-4.234986766272682830e-04
-4.427342864036514121e-04
-4.623485171204551390e-04
-4.823408083923879622e-04
-5.027107591209658112e-04
-5.234580711412837022e-04
-5.445824883132139183e-04
-5.660837320138879759e-04
-5.879614340639416001e-04
-6.102150681768583624e-04
-6.328438810577519417e-04
-6.558468242943471570e-04
-6.792224881785203366e-04
-7.029690385715771503e-04
-7.270841578810669642e-04
-7.515649911522805050e-04
-7.764080981948465925e-04
-8.016094125658636358e-04
-8.271642081175118550e-04
-8.530670736915646740e-04
-8.793118964078895650e-04
-9.058918538517674252e-04
-9.327994153182731516e-04
-9.600263521239927244e-04
-9.875637568498147039e-04
-1.015402071236302765e-03
-1.043531122317822423e-03
-1.071940166255922616e-03
-1.100617939218505835e-03
-1.129552714551580912e-03
-1.158732365406142401e-03
-1.188144431915992257e-03
-1.217776191973759647e-03
-1.247614734622943177e-03
-1.277647035073852487e-03
-1.307860030360496551e-03
-1.338240694683776955e-03
-1.368776113532248857e-03
-1.399453555734786903e-03
-1.430260542677243892e-03
-1.461184914006465052e-03
-1.492214889247331974e-03
-1.523339124868978078e-03
-1.554546766453639888e-03
-1.585827495740916139e-03
-1.617171572441121561e-03
-1.648569870828841231e-03
-1.680013911240560822e-03
-1.711495886703973644e-03
-1.743008685020502229e-03
-1.774545906701825802e-03
-1.806101879225652847e-03
-1.837671668122734144e-03
-1.869251085432277731e-03
-1.900836696070135274e-03
-1.932425822634705349e-03
-1.964016549136594122e-03
-1.995607724070358729e-03
0.000000000000000000e+00
-2.392011108928742390e-07
-9.446168448082536984e-07
-2.097968257291486499e-06
-3.680984772661133590e-06
-5.675413489450894299e-06
-8.063031792807733001e-06
-1.082566302346993025e-05
-1.394519495132747386e-05
-1.740360079928419962e-05
-2.118296256021084007e-05
-2.526549634624360567e-05
-2.963357950564374758e-05
-3.426977923803732997e-05
-3.915688243427860511e-05
-4.427792646264681013e-05
-4.961623061883443432e-05
-5.515542795348678533e-05
-6.087949718818754327e-05
-6.677279442903478047e-05
-7.282008438661595137e-05
-7.900657081253026771e-05
-8.531792586590050470e-05
-9.174031812878751316e-05
-9.826043899728303542e-05
-1.048655271854761204e-04
-1.115433910925890042e-04
-1.182824287994376519e-04
-1.250716454790093358e-04
-1.319006680273360384e-04
-1.387597567448855770e-04
-1.456398139252419353e-04
-1.525323892366962691e-04
-1.594296818132638009e-04
-1.663245390042512276e-04
-1.732104517654735852e-04
-1.800815467101490072e-04
-1.869325748729306767e-04
-1.937588972760161392e-04
-2.005564674212891561e-04
-2.073218108665105767e-04
-2.140520020761652248e-04
-2.207446387681921349e-04
-2.273978140059946672e-04
-2.340100863103763442e-04
-2.405804480879678302e-04
-2.471082926909071078e-04
-2.535933804366893494e-04
-2.600358039269419302e-04
-2.664359530092031076e-04
-2.727944797264579167e-04
-2.791122635951451486e-04
-2.853903775436300431e-04
-2.916300548298160597e-04
-2.978326572388324670e-04
-3.039996448398291041e-04
-3.101325475551484304e-04
-3.162329387659396627e-04
-3.223024111460399076e-04
-3.283425548812366293e-04
-3.343549383943228361e-04
-3.403410916583198497e-04
-3.463024921414228213e-04
-3.522405533882929556e-04
-3.581566162038845669e-04
-3.640519423686895402e-04
-3.699277107787084977e-04
-3.757850158701996394e-04
-3.816248681588312866e-04
-3.874481966957990064e-04
-3.932558532201169154e-04
-3.990486177671200029e-04
-4.048272054783819953e-04
-4.105922743480747909e-04
-4.163444336353394658e-04
-4.220842526715111345e-04
-4.278122697950955148e-04
-4.335290011559280441e-04
-4.392349491429304188e-04
-4.449306102068050178e-04
-4.506164818696768476e-04
-4.562930687374972243e-04
-4.619608873575689091e-04
-4.676204697922272811e-04
-4.732723658098244939e-04
-4.789171436253174589e-04
-4.845553891538664781e-04
-4.901877037717870507e-04
-4.958147006087373866e-04
-5.014369994229379238e-04
-5.070552201365278924e-04
-5.126699751305993083e-04
-5.182818604180090783e-04
-5.238914458267703196e-04
-5.294992643366358120e-04
-5.351058007163641108e-04
-5.407114796088242610e-04
-5.463166532046076235e-04
-5.519215886332179367e-04
-5.575264551821911213e-04
0.000000000000000000e+00
7.412196673796616859e-08
3.015014195290781720e-07
6.896497445818096293e-07
1.246048365533312076e-06
1.978116820246379636e-06
2.893171189169503241e-06
3.998374726934448997e-06
5.300682520538534268e-06
6.806781956116460224e-06
8.523030720575820640e-06
1.045539399339222497e-05
1.260938239730272398e-05
1.498999217466764687e-05
1.760164893950806299e-05
2.044815622472577062e-05
2.353264990120226922e-05
2.685755939213137843e-05
3.042457644412871655e-05
3.423463204866499052e-05
3.828788193568323712e-05
4.258370088845286878e-05
4.712068595746682944e-05
5.189666848414209769e-05
5.690873468485827002e-05
6.215325439495319538e-05
6.762591743303243371e-05
7.332177692046162453e-05
7.923529878107986996e-05
8.536041655358276073e-05
9.169059057494590543e-05
9.821887053861379777e-05
1.049379603965286227e-04
1.118402845596154136e-04
1.189180543568775489e-04
1.261633337382619523e-04
1.335681032500013281e-04
1.411243213720070355e-04
1.488239823835192264e-04
1.566591700137943217e-04
1.646221062370671140e-04
1.727051946831077364e-04
1.809010582539911710e-04
1.892025706617071746e-04
1.976028817273943949e-04
2.060954364087270790e-04
2.146739876448071609e-04
2.233326032254046001e-04
2.320656670012812147e-04
2.408678748525492871e-04
2.497342259207221168e-04
2.586600096856991491e-04
2.676407895301386743e-04
2.766723834794853590e-04
2.857508428357451321e-04
2.948724294365693177e-04
3.040335922684086274e-04
3.132309441437836160e-04
3.224612391187608312e-04
3.317213512785923595e-04
3.410082554583856312e-04
3.503190103932357830e-04
3.596507447101614718e-04
3.690006460844649783e-04
3.783659537877681936e-04
3.877439547562156201e-04
3.971319832073204130e-04
4.065274237349634644e-04
4.159277177161537246e-04
4.253303727726163454e-04
4.347329749467034586e-04
4.441332031766808677e-04
4.535288455922004526e-04
4.629178170984787487e-04
4.722981776780142390e-04
4.816681508125384933e-04
4.910261414156707159e-04
5.003707526684631271e-04
5.097008011656675285e-04
5.190153298092767351e-04
5.283136179273794936e-04
5.375951881489060471e-04
5.468598096275681299e-04
5.561074972795479639e-04
5.653385067769303978e-04
5.745533251218300653e-04
5.837526567106601262e-04
5.929374048840469489e-04
6.021086490413927496e-04
6.112676174793987491e-04
6.204156561873297622e-04
6.295541938981419512e-04
6.386847037498802424e-04
6.478086619557186891e-04
6.569275039121845157e-04
6.660425781890244807e-04
6.751550988454224980e-04
6.842660964976470016e-04
6.933763685289774052e-04
7.024864287766253122e-04
0.000000000000000000e+00
3.789377996343889128e-07
1.511645165098048826e-06
3.391953733252119858e-06
6.013663978363924425e-06
9.370512117885136850e-06
1.345612715302178604e-05
1.826398004497978926e-05
2.378732699703305596e-05
3.001914876766572624e-05
3.695208787950759338e-05
4.457838551164464673e-05
5.288981976876409597e-05
6.187764690965058068e-05
7.153254699042054714e-05
8.184457523569235618e-05
9.280312029515311019e-05
1.043968703756072613e-04
1.166137880617928004e-04
1.294410944554647133e-04
1.428652630741902754e-04
1.568720237617146943e-04
1.714463766735727969e-04
1.865726162176764699e-04
2.022343646527610054e-04
2.184146148805347801e-04
2.350957818127090795e-04
2.522597615541196368e-04
2.698879975199612309e-04
2.879615525005225357e-04
3.064611856021457457e-04
3.253674329295146292e-04
3.446606908324736885e-04
3.643213005206960261e-04
3.843296328514965617e-04
4.046661721194690997e-04
4.253115977204731000e-04
4.462468626255712578e-04
4.674532676812408324e-04
4.889125308486304451e-04
5.106068506046761418e-04
5.325189628491418335e-04
5.546321907915620179e-04
5.769304874279798353e-04
5.993984703565504845e-04
6.220214488207780144e-04
6.447854430066750049e-04
6.676771957528443652e-04
6.906841769579372386e-04
7.137945810858404867e-04
7.369973182732606973e-04
7.602819996352893879e-04
7.836389174406152526e-04
8.070590208880963189e-04
8.305338882596619487e-04
8.540556962504580523e-04
8.776171872857368560e-04
9.012116356254942567e-04
9.248328130327826977e-04
9.484749547410696634e-04
9.721327264010333003e-04
9.958011926194524407e-04
1.019475787623980731e-03
1.043152288499660241e-03
1.066826791348032995e-03
1.090495690619921847e-03
1.114155661770650568e-03
1.137803647283919988e-03
1.161436846009992812e-03
1.185052705667551543e-03
1.208648918268357721e-03
1.232223418141948539e-03
1.255774382165172421e-03
1.279300231740398714e-03
1.302799636017378188e-03
1.326271515818160931e-03
1.349715047702632672e-03
1.373129667604277258e-03
1.396515073471828313e-03
1.419871226371758645e-03
1.443198349538925068e-03
1.466496924906471582e-03
1.489767686700533156e-03
1.513011611748841991e-03
1.536229906222637796e-03
1.559423988607875353e-03
1.582595468780528076e-03
1.605746123141982631e-03
1.628877865849961320e-03
1.651992716257525209e-03
1.675092762743896893e-03
1.698180123185756823e-03
1.721256902372470150e-03
1.744325146713081916e-03
1.767386796615544493e-03
1.790443636934706435e-03
1.813497245890242264e-03
1.836548942840151568e-03
1.859599735266379223e-03
1.882650265278982844e-03
0.000000000000000000e+00
3.840437120606881721e-07
1.538626184453163350e-06
3.467419617467195365e-06
6.174079966760396998e-06
9.662229244200321805e-06
1.393543197222124750e-05
1.899716652854133422e-05
2.485079211384926893e-05
3.149951206869172762e-05
3.894633425699913707e-05
4.719402922215112283e-05
5.624508680696034329e-05
6.610167191127748086e-05
7.676558003991596109e-05
8.823819326919961261e-05
1.005204372325718915e-04
1.136127396944043295e-04
1.275149912464607939e-04
1.422265086234705605e-04
1.577460010931736782e-04
1.740715403321260279e-04
1.912005341518329120e-04
2.091297043906288698e-04
2.278550692355208059e-04
2.473719301853098272e-04
2.676748638121258044e-04
2.887577184234740857e-04
3.106136156714827648e-04
3.332349571007427506e-04
3.566134355714655965e-04
3.807400514411502933e-04
4.056051333360996113e-04
4.311983632944835676e-04
4.575088060157064059e-04
4.845249419071518413e-04
5.122347035793901448e-04
5.406255154051283884e-04
5.696843357259764136e-04
5.993977012648674585e-04
6.297517732810508544e-04
6.607323849892378928e-04
6.923250897549563252e-04
7.245152095745942353e-04
7.572878833510882828e-04
7.906281144847359613e-04
8.245208173131336488e-04
8.589508619546032137e-04
8.939031171354979528e-04
9.293624906131138117e-04
9.653139668423032452e-04
1.001742641574772386e-03
1.038633753124997439e-03
1.075972710085149227e-03
1.113745115322752402e-03
1.151936786148354853e-03
1.190533770595553860e-03
1.229522359811641890e-03
1.268889096613015806e-03
1.308620780314773873e-03
1.348704467997655218e-03
1.389127472427077910e-03
1.429877356887686258e-03
1.470941927241855044e-03
1.512309221561461761e-03
1.553967497718184657e-03
1.595905219348285305e-03
1.638111040632676081e-03
1.680573790351794087e-03
1.723282455687082928e-03
1.766226166246542871e-03
1.809394178790774046e-03
1.852775863128159521e-03
1.896360689633561558e-03
1.940138218824136651e-03
1.984098093399161780e-03
2.028230033118307366e-03
2.072523832855235892e-03
2.116969364121243369e-03
2.161556580307596488e-03
2.206275525845968928e-03
2.251116349434762430e-03
2.296069321425870269e-03
2.341124855412611821e-03
2.386273534005921466e-03
2.431506138733320783e-03
2.476813683944942366e-03
2.522187454563230759e-03
2.567619047469548409e-03
2.613100416281909262e-03
2.658623919244929457e-03
2.704182369925917442e-03
2.749769090391184119e-03
2.795377966524068610e-03
2.841003505142371439e-03
2.886640892577041137e-03
2.932286054387833307e-03
2.977935715914828852e-03
3.023587463397057595e-03
3.069239805432762234e-03
0.000000000000000000e+00
6.571813881812121822e-07
2.616939919230047746e-06
5.861599024049816315e-06
1.037348827053850870e-05
1.613494946558655471e-05
2.312834404789750460e-05
3.133606109687340959e-05
4.074052530339363805e-05
5.132420427806143814e-05
6.306961461228013932e-05
7.595932615766836022e-05
8.997596404976851382e-05
1.051022080723204387e-04
1.213207890376967224e-04
1.386144819463136523e-04
1.569660957814489625e-04
1.763584598942538042e-04
1.967744070349480205e-04
2.181967531881321527e-04
2.406082744708025966e-04
2.639916814487057732e-04
2.883295913180722900e-04
3.136044984833205812e-04
3.397987441350951653e-04
3.668944854951457549e-04
3.948736654434808753e-04
4.237179832775530165e-04
4.534088673718903828e-04
4.839274505088362265e-04
5.152545486364432797e-04
5.473706437780326587e-04
5.802558717697536145e-04
6.138900154383098839e-04
6.482525037518209509e-04
6.833224173839113832e-04
7.190785010261751403e-04
7.554991826690555254e-04
7.925625999480797332e-04
8.302466335236213454e-04
8.685289473304500093e-04
9.073870354008893102e-04
9.467982748350708229e-04
9.867399843662542393e-04
1.027189487851030590e-03
1.068124181905986307e-03
1.109521606816363682e-03
1.151359519760576829e-03
1.193615969328944018e-03
1.236269370267261856e-03
1.279298577347161292e-03
1.322682957256290448e-03
1.366402457412879560e-03
1.410437670641207777e-03
1.454769894696546304e-03
1.499381185699692537e-03
1.544254404631015438e-03
1.589373256140652352e-03
1.634722319053221254e-03
1.680287068080061697e-03
1.726053886397183696e-03
1.772010068900153890e-03
1.818143816105303274e-03
1.864444218826898265e-03
1.910901233919443066e-03
1.957505651529843540e-03
2.004249054453084451e-03
2.051123770324283276e-03
2.098122817506947995e-03
2.145239845649523670e-03
2.192469071977653280e-03
2.239805214466134616e-03
2.287243423090923409e-03
2.334779210396448462e-03
2.382408382626425691e-03
2.430126972656867709e-03
2.477931175938365062e-03
2.525817290601561124e-03
2.573781662805944056e-03
2.621820638319475802e-03
2.669930521206359802e-03
2.718107540375554621e-03
2.766347824605039363e-03
2.814647386509762112e-03
2.863002115767823621e-03
2.911407781761884798e-03
2.959860045636523995e-03
3.008354481617954261e-03
3.056886607296212862e-03
3.105451922432929477e-03
3.154045955735192662e-03
3.202664318928910656e-03
3.251302767378650826e-03
3.299957266435773248e-03
3.348624062656263556e-03
3.397299759017068273e-03
3.445981393273259748e-03
3.494666518645191469e-03
3.543353286098754017e-03
3.592040527592585842e-03
0.000000000000000000e+00
7.246069396581063662e-07
2.883541092091834877e-06
6.454474535657338488e-06
1.141508620957633438e-05
1.774306895505978416e-05
2.541613834412051736e-05
3.441204269074322889e-05
4.470857365523254849e-05
5.628357687591068430e-05
6.911496209362537823e-05
8.318071227402425302e-05
9.845889128023873867e-05
1.149276497042174067e-04
1.325652285278076687e-04
1.513499603539915654e-04
1.712602680232993115e-04
1.922746605091119596e-04
2.143717260668779375e-04
2.375301226945923173e-04
2.617285660436895396e-04
2.869458149989686873e-04
3.131606552217616030e-04
3.403518810205219663e-04
3.684982759758821560e-04
3.975785928015201595e-04
4.275715329666459849e-04
4.584557266394444436e-04
4.902097135325141292e-04
5.228119252405913700e-04
5.562406696572213313e-04
5.904741180404014670e-04
6.254902952677188340e-04
6.612670737795354288e-04
6.977821716549749377e-04
7.350131552008041039e-04
7.729374463588974510e-04
8.115323351551905016e-04
8.507749973234791149e-04
8.906425171427558929e-04
9.311119154288827453e-04
9.721601825222133970e-04
1.013764316014246570e-03
1.055901362860555120e-03
1.098548465436001995e-03
1.141682911003570090e-03
1.185282183991724593e-03
1.229324020408772283e-03
1.273786463667602635e-03
1.318647921051724304e-03
1.363887220024719189e-03
1.409483663570727449e-03
1.455417083753959579e-03
1.501667892700569865e-03
1.548217130236460674e-03
1.595046507459257261e-03
1.642138445581114992e-03
1.689476109450237370e-03
1.737043435241674479e-03
1.784825151900785003e-03
1.832806796023859000e-03
1.880974719968090021e-03
1.929316093095266669e-03
1.977818896168158889e-03
2.026471909033487548e-03
2.075264691838319547e-03
2.124187560135736876e-03
2.173231554338434825e-03
2.222388404073701636e-03
2.271650488078090589e-03
2.321010790343543302e-03
2.370462853287124382e-03
2.420000728762987299e-03
2.469618927766677099e-03
2.519312369697811107e-03
2.569076332047331036e-03
2.618906401359942949e-03
2.668798426291315185e-03
2.718748473533841477e-03
2.768752787325281118e-03
2.818807753182384513e-03
2.868909866418657521e-03
2.919055705912929066e-03
2.969241913495661127e-03
3.019465179215219310e-03
3.069722232638048137e-03
3.120009840228805779e-03
3.170324808749305345e-03
3.220663994513069898e-03
3.271024318236054676e-03
3.321402785137608348e-03
3.371796509869354457e-03
3.422202745787515567e-03
3.472618918036300423e-03
3.523042659878997465e-03
3.573471851701608484e-03
3.623904662119776382e-03
3.674339590648716559e-03
3.724775511443452741e-03
3.775211717689595358e-03
