-8.203089237213134766e-05
-8.203089237213134766e-05
-8.215010166168212891e-05
-8.246302604675292969e-05
-8.285045623779296875e-05
-8.347630500793457031e-05
-8.417665958404541016e-05
-8.507072925567626953e-05
-8.606910705566406250e-05
-8.726119995117187500e-05
-8.861720561981201172e-05
-9.001791477203369141e-05
-9.167194366455078125e-05
-9.347498416900634766e-05
-9.545683860778808594e-05
-9.746849536895751953e-05
-9.968876838684082031e-05
-1.020878553390502930e-04
-1.047104597091674805e-04
-1.073479652404785156e-04
-1.101344823837280273e-04
-1.131296157836914062e-04
-1.162290573120117188e-04
-1.195222139358520508e-04
-1.229047775268554688e-04
-1.264512538909912109e-04
-1.301765441894531250e-04
-1.339167356491088867e-04
-1.378506422042846680e-04
-1.419484615325927734e-04
-1.461058855056762695e-04
-1.505166292190551758e-04
-1.548528671264648438e-04
-1.594871282577514648e-04
-1.641958951950073242e-04
-1.689642667770385742e-04
-1.737326383590698242e-04
-1.788288354873657227e-04
-1.838803291320800781e-04
-1.890361309051513672e-04
-1.942515373229980469e-04
-1.996755599975585938e-04
-2.050846815109252930e-04
-2.105683088302612305e-04
-2.161264419555664062e-04
-2.217888832092285156e-04
-2.274364233016967773e-04
-2.332478761672973633e-04
-2.389997243881225586e-04
-2.447813749313354492e-04
-2.507120370864868164e-04
-2.566576004028320312e-04
-2.626031637191772461e-04
-2.686679363250732422e-04
-2.746134996414184570e-04
-2.807825803756713867e-04
-2.868175506591796875e-04
-2.928227186203002930e-04
-2.989470958709716797e-04
-3.050267696380615234e-04
-3.111362457275390625e-04
-3.172755241394042969e-04
-3.233253955841064453e-04
-3.294497728347778320e-04
-3.356933593750000000e-04
-3.416687250137329102e-04
-3.478080034255981445e-04
-3.537684679031372070e-04
-3.598332405090332031e-04
-3.658831119537353516e-04
-3.719180822372436523e-04
-3.779232501983642578e-04
-3.839433193206787109e-04
-3.899037837982177734e-04
-3.957450389862060547e-04
-4.017353057861328125e-04
-4.076212644577026367e-04
-4.134625196456909180e-04
-4.193186759948730469e-04
-4.251748323440551758e-04
-4.308819770812988281e-04
-4.366785287857055664e-04
-4.423856735229492188e-04
-4.480928182601928711e-04
-4.537999629974365234e-04
-4.594922065734863281e-04
-4.651695489883422852e-04
-4.707574844360351562e-04
-4.763454198837280273e-04
-4.819631576538085938e-04
-4.874169826507568359e-04
-4.930198192596435547e-04
-4.985183477401733398e-04
-5.040317773818969727e-04
-5.094408988952636719e-04
-5.149543285369873047e-04
-5.203634500503540039e-04
-5.258172750473022461e-04
-5.311965942382812500e-04
-5.365163087844848633e-04
-3.896653652191162109e-05
-4.051625728607177734e-05
-4.220008850097656250e-05
-4.392862319946289062e-05
-4.586577415466308594e-05
-4.775822162628173828e-05
-4.975497722625732422e-05
-5.191564559936523438e-05
-5.416572093963623047e-05
-5.644559860229492188e-05
-5.887448787689208984e-05
-6.145238876342773438e-05
-6.397068500518798828e-05
-6.669759750366210938e-05
-6.946921348571777344e-05
-7.237493991851806641e-05
-7.531046867370605469e-05
-7.840991020202636719e-05
-8.158385753631591797e-05
-8.489191532135009766e-05
-8.818507194519042969e-05
-9.162724018096923828e-05
-9.518861770629882812e-05
-9.877979755401611328e-05
-1.024752855300903320e-04
-1.062601804733276367e-04
-1.101791858673095703e-04
-1.140981912612915039e-04
-1.181215047836303711e-04
-1.222342252731323242e-04
-1.264214515686035156e-04
-1.306980848312377930e-04
-1.351088285446166992e-04
-1.394897699356079102e-04
-1.439750194549560547e-04
-1.485347747802734375e-04
-1.531541347503662109e-04
-1.578032970428466797e-04
-1.624971628189086914e-04
-1.673102378845214844e-04
-1.721978187561035156e-04
-1.770555973052978516e-04
-1.820474863052368164e-04
-1.869946718215942383e-04
-1.920163631439208984e-04
-1.970827579498291016e-04
-2.021938562393188477e-04
-2.073347568511962891e-04
-2.124607563018798828e-04
-2.176314592361450195e-04
-2.228617668151855469e-04
-2.281069755554199219e-04
-2.333968877792358398e-04
-2.385973930358886719e-04
-2.439171075820922852e-04
-2.492219209671020508e-04
-2.544373273849487305e-04
-2.597570419311523438e-04
-2.650916576385498047e-04
-2.703666687011718750e-04
-2.757906913757324219e-04
-2.810359001159667969e-04
-2.863854169845581055e-04
-2.916455268859863281e-04
-2.969354391098022461e-04
-3.023296594619750977e-04
-3.075748682022094727e-04
-3.128647804260253906e-04
-3.181397914886474609e-04
-3.233850002288818359e-04
-3.286600112915039062e-04
-3.339201211929321289e-04
-3.391057252883911133e-04
-3.443509340286254883e-04
-3.495514392852783203e-04
-3.547370433807373047e-04
-3.600120544433593750e-04
-3.651827573776245117e-04
-3.703236579895019531e-04
-3.754496574401855469e-04
-3.806054592132568359e-04
-3.857016563415527344e-04
-3.908127546310424805e-04
-3.959834575653076172e-04
-4.010796546936035156e-04
-4.062652587890625000e-04
-4.113167524337768555e-04
-4.164725542068481445e-04
-4.214942455291748047e-04
-4.266500473022460938e-04
-4.317611455917358398e-04
-4.368722438812255859e-04
-4.419386386871337891e-04
-4.470199346542358398e-04
-4.520714282989501953e-04
-4.572272300720214844e-04
-4.622787237167358398e-04
-4.674047231674194336e-04
-4.724562168121337891e-04
-4.776120185852050781e-04
7.778406143188476562e-06
5.081295967102050781e-06
2.339482307434082031e-06
-4.023313522338867188e-07
-3.293156623840332031e-06
-6.198883056640625000e-06
-9.208917617797851562e-06
-1.224875450134277344e-05
-1.536309719085693359e-05
-1.852214336395263672e-05
-2.180039882659912109e-05
-2.506375312805175781e-05
-2.850592136383056641e-05
-3.185868263244628906e-05
-3.536045551300048828e-05
-3.890693187713623047e-05
-4.248321056365966797e-05
-4.617869853973388672e-05
-4.985928535461425781e-05
-5.364418029785156250e-05
-5.744397640228271484e-05
-6.136298179626464844e-05
-6.528198719024658203e-05
-6.929039955139160156e-05
-7.331371307373046875e-05
-7.741153240203857422e-05
-8.152425289154052734e-05
-8.569657802581787109e-05
-8.991360664367675781e-05
-9.422004222869873047e-05
-9.854137897491455078e-05
-1.028925180435180664e-04
-1.073181629180908203e-04
-1.117289066314697266e-04
-1.161992549896240234e-04
-1.207590103149414062e-04
-1.252442598342895508e-04
-1.299381256103515625e-04
-1.344531774520874023e-04
-1.391321420669555664e-04
-1.437813043594360352e-04
-1.484900712966918945e-04
-1.532286405563354492e-04
-1.579076051712036133e-04
-1.626759767532348633e-04
-1.673996448516845703e-04
-1.722127199172973633e-04
-1.769810914993286133e-04
-1.818090677261352539e-04
-1.866221427917480469e-04
-1.914501190185546875e-04
-1.962631940841674805e-04
-2.010613679885864258e-04
-2.058744430541992188e-04
-2.107024192810058594e-04
-2.156049013137817383e-04
-2.203732728958129883e-04
-2.252012491226196289e-04
-2.300143241882324219e-04
-2.348721027374267578e-04
-2.397149801254272461e-04
-2.443790435791015625e-04
-2.491623163223266602e-04
-2.539753913879394531e-04
-2.586692571640014648e-04
-2.635121345520019531e-04
-2.681463956832885742e-04
-2.729147672653198242e-04
-2.776235342025756836e-04
-2.823024988174438477e-04
-2.870410680770874023e-04
-2.917200326919555664e-04
-2.963691949844360352e-04
-3.010034561157226562e-04
-3.056377172470092773e-04
-3.103315830230712891e-04
-3.149658441543579102e-04
-3.195405006408691406e-04
-3.242045640945434570e-04
-3.287494182586669922e-04
-3.333240747451782227e-04
-3.379285335540771484e-04
-3.425180912017822266e-04
-3.471225500106811523e-04
-3.517121076583862305e-04
-3.563016653060913086e-04
-3.608316183090209961e-04
-3.654062747955322266e-04
-3.700256347656250000e-04
-3.746151924133300781e-04
-3.791600465774536133e-04
-3.837794065475463867e-04
-3.883689641952514648e-04
-3.929287195205688477e-04
-3.975033760070800781e-04
-4.021525382995605469e-04
-4.067718982696533203e-04
-4.114061594009399414e-04
-4.160702228546142578e-04
-4.207342863082885742e-04
-7.420778274536132812e-06
-1.062452793121337891e-05
-1.391768455505371094e-05
-1.724064350128173828e-05
-2.057850360870361328e-05
-2.403557300567626953e-05
-2.749264240264892578e-05
-3.100931644439697266e-05
-3.458559513092041016e-05
-3.825128078460693359e-05
-4.193186759948730469e-05
-4.562735557556152344e-05
-4.939734935760498047e-05
-5.324184894561767578e-05
-5.707144737243652344e-05
-6.099045276641845703e-05
-6.490945816040039062e-05
-6.888806819915771484e-05
-7.286667823791503906e-05
-7.691979408264160156e-05
-8.098781108856201172e-05
-8.516013622283935547e-05
-8.936226367950439453e-05
-9.350478649139404297e-05
-9.770691394805908203e-05
-1.019686460494995117e-04
-1.062303781509399414e-04
-1.105070114135742188e-04
-1.148283481597900391e-04
-1.191794872283935547e-04
-1.235604286193847656e-04
-1.279562711715698242e-04
-1.323819160461425781e-04
-1.367777585983276367e-04
-1.411885023117065430e-04
-1.456886529922485352e-04
-1.500695943832397461e-04
-1.546144485473632812e-04
-1.590549945831298828e-04
-1.635253429412841797e-04
-1.680850982666015625e-04
-1.726001501083374023e-04
-1.771152019500732422e-04
-1.815855503082275391e-04
-1.861304044723510742e-04
-1.906305551528930664e-04
-1.951307058334350586e-04
-1.996308565139770508e-04
-2.041757106781005859e-04
-2.085715532302856445e-04
-2.131164073944091797e-04
-2.175420522689819336e-04
-2.219825983047485352e-04
-2.264678478240966797e-04
-2.308934926986694336e-04
-2.353191375732421875e-04
-2.397298812866210938e-04
-2.441108226776123047e-04
-2.485066652297973633e-04
-2.528578042984008789e-04
-2.571344375610351562e-04
-2.614557743072509766e-04
-2.657175064086914062e-04
-2.699941396713256836e-04
-2.742707729339599609e-04
-2.784878015518188477e-04
-2.826601266860961914e-04
-2.868771553039550781e-04
-2.910494804382324219e-04
-2.952218055725097656e-04
-2.993196249008178711e-04
-3.034472465515136719e-04
-3.075450658798217773e-04
-3.115981817245483398e-04
-3.156363964080810547e-04
-3.197193145751953125e-04
-3.237128257751464844e-04
-3.277212381362915039e-04
-3.317743539810180664e-04
-3.357231616973876953e-04
-3.397017717361450195e-04
-3.437250852584838867e-04
-3.475993871688842773e-04
-3.516077995300292969e-04
-3.555715084075927734e-04
-3.594607114791870117e-04
-3.633946180343627930e-04
-3.672838211059570312e-04
-3.712028264999389648e-04
-3.751218318939208984e-04
-3.790259361267089844e-04
-3.829747438430786133e-04
-3.869682550430297852e-04
-3.908127546310424805e-04
-3.947466611862182617e-04
-3.986507654190063477e-04
-4.025995731353759766e-04
-4.065483808517456055e-04
-4.105120897293090820e-04
-4.144608974456787109e-04
-1.079142093658447266e-04
-1.109987497329711914e-04
-1.141726970672607422e-04
-1.173913478851318359e-04
-1.206994056701660156e-04
-1.240223646163940430e-04
-1.274049282073974609e-04
-1.308619976043701172e-04
-1.343637704849243164e-04
-1.379102468490600586e-04
-1.414567232131958008e-04
-1.451373100280761719e-04
-1.487880945205688477e-04
-1.524984836578369141e-04
-1.562386751174926758e-04
-1.600831747055053711e-04
-1.638978719711303711e-04
-1.677423715591430664e-04
-1.715868711471557617e-04
-1.755058765411376953e-04
-1.794695854187011719e-04
-1.833885908126831055e-04
-1.873821020126342773e-04
-1.914203166961669922e-04
-1.953989267349243164e-04
-1.994520425796508789e-04
-2.034753561019897461e-04
-2.075135707855224609e-04
-2.115964889526367188e-04
-2.156943082809448242e-04
-2.198070287704467773e-04
-2.238601446151733398e-04
-2.279877662658691406e-04
-2.320855855941772461e-04
-2.361983060836791992e-04
-2.402663230895996094e-04
-2.443939447402954102e-04
-2.485066652297973633e-04
-2.525895833969116211e-04
-2.566725015640258789e-04
-2.607703208923339844e-04
-2.648532390594482422e-04
-2.689212560653686523e-04
-2.729743719100952148e-04
-2.769678831100463867e-04
-2.809911966323852539e-04
-2.850145101547241211e-04
-2.889633178710937500e-04
-2.929866313934326172e-04
-2.968907356262207031e-04
-3.008097410202026367e-04
-3.047436475753784180e-04
-3.086030483245849609e-04
-3.124326467514038086e-04
-3.162771463394165039e-04
-3.200620412826538086e-04
-3.238767385482788086e-04
-3.276169300079345703e-04
-3.313571214675903320e-04
-3.349632024765014648e-04
-3.386735916137695312e-04
-3.422945737838745117e-04
-3.458857536315917969e-04
-3.494620323181152344e-04
-3.529787063598632812e-04
-3.564804792404174805e-04
-3.599524497985839844e-04
-3.633797168731689453e-04
-3.667771816253662109e-04
-3.702342510223388672e-04
-3.736168146133422852e-04
-3.769546747207641602e-04
-3.802478313446044922e-04
-3.835260868072509766e-04
-3.867596387863159180e-04
-3.900527954101562500e-04
-3.932714462280273438e-04
-3.964602947235107422e-04
-3.996491432189941406e-04
-4.027187824249267578e-04
-4.058927297592163086e-04
-4.090368747711181641e-04
-4.121065139770507812e-04
-4.152506589889526367e-04
-4.182606935501098633e-04
-4.213005304336547852e-04
-4.244297742843627930e-04
-4.273653030395507812e-04
-4.304498434066772461e-04
-4.334449768066406250e-04
-4.364401102066040039e-04
-4.394799470901489258e-04
-4.425048828125000000e-04
-4.455000162124633789e-04
-4.484653472900390625e-04
-4.514902830123901367e-04
-4.544854164123535156e-04
-4.574507474899291992e-04
-4.604756832122802734e-04
-4.633963108062744141e-04
-2.708584070205688477e-04
-2.731531858444213867e-04
-2.755522727966308594e-04
-2.780109643936157227e-04
-2.805590629577636719e-04
-2.831220626831054688e-04
-2.857893705368041992e-04
-2.884864807128906250e-04
-2.912580966949462891e-04
-2.941042184829711914e-04
-2.969652414321899414e-04
-2.999007701873779297e-04
-3.028512001037597656e-04
-3.058463335037231445e-04
-3.088563680648803711e-04
-3.119707107543945312e-04
-3.150552511215209961e-04
-3.181844949722290039e-04
-3.213584423065185547e-04
-3.245025873184204102e-04
-3.277063369750976562e-04
-3.308951854705810547e-04
-3.341436386108398438e-04
-3.373771905899047852e-04
-3.406703472137451172e-04
-3.439038991928100586e-04
-3.471672534942626953e-04
-3.504306077957153320e-04
-3.537088632583618164e-04
-3.570169210433959961e-04
-3.602802753448486328e-04
-3.635287284851074219e-04
-3.667771816253662109e-04
-3.700703382492065430e-04
-3.733038902282714844e-04
-3.765672445297241211e-04
-3.798007965087890625e-04
-3.830045461654663086e-04
-3.861933946609497070e-04
-3.894120454788208008e-04
-3.925561904907226562e-04
-3.957301378250122070e-04
-3.988593816757202148e-04
-4.019290208816528320e-04
-4.050433635711669922e-04
-4.080981016159057617e-04
-4.111379384994506836e-04
-4.141032695770263672e-04
-4.170686006546020508e-04
-4.200488328933715820e-04
-4.229396581649780273e-04
-4.258155822753906250e-04
-4.286617040634155273e-04
-4.314631223678588867e-04
-4.342347383499145508e-04
-4.370212554931640625e-04
-4.397183656692504883e-04
-4.423856735229492188e-04
-4.449933767318725586e-04
-4.476010799407958984e-04
-4.501789808273315430e-04
-4.526972770690917969e-04
-4.552006721496582031e-04
-4.576593637466430664e-04
-4.601329565048217773e-04
-4.625171422958374023e-04
-4.647970199584960938e-04
-4.671365022659301758e-04
-4.693567752838134766e-04
-4.716515541076660156e-04
-4.738718271255493164e-04
-4.760175943374633789e-04
-4.782080650329589844e-04
-4.802793264389038086e-04
-4.824101924896240234e-04
-4.844367504119873047e-04
-4.864633083343505859e-04
-4.884749650955200195e-04
-4.904717206954956055e-04
-4.923939704895019531e-04
-4.943460226058959961e-04
-4.962086677551269531e-04
-4.981756210327148438e-04
-5.000680685043334961e-04
-5.018860101699829102e-04
-5.036741495132446289e-04
-5.055069923400878906e-04
-5.073100328445434570e-04
-5.092173814773559570e-04
-5.109459161758422852e-04
-5.126744508743286133e-04
-5.144923925399780273e-04
-5.162507295608520508e-04
-5.180090665817260742e-04
-5.197674036026000977e-04
-5.214959383010864258e-04
-5.231946706771850586e-04
-5.249232053756713867e-04
-5.266219377517700195e-04
-5.283653736114501953e-04
-4.429519176483154297e-04
-4.438310861587524414e-04
-4.447698593139648438e-04
-4.457831382751464844e-04
-4.469007253646850586e-04
-4.480779170989990234e-04
-4.493147134780883789e-04
-4.506409168243408203e-04
-4.519969224929809570e-04
-4.533976316452026367e-04
-4.548877477645874023e-04
-4.564225673675537109e-04
-4.579573869705200195e-04
-4.595816135406494141e-04
-4.611909389495849609e-04
-4.629194736480712891e-04
-4.645586013793945312e-04
-4.662871360778808594e-04
-4.680603742599487305e-04
-4.698187112808227539e-04
-4.716217517852783203e-04
-4.733949899673461914e-04
-4.752278327941894531e-04
-4.770159721374511719e-04
-4.788190126419067383e-04
-4.806667566299438477e-04
-4.824846982955932617e-04
-4.843026399612426758e-04
-4.861205816268920898e-04
-4.879236221313476562e-04
-4.897415637969970703e-04
-4.915297031402587891e-04
-4.933029413223266602e-04
-4.950910806655883789e-04
-4.968494176864624023e-04
-4.985332489013671875e-04
-5.002915859222412109e-04
-5.019605159759521484e-04
-5.036443471908569336e-04
-5.052685737609863281e-04
-5.068928003311157227e-04
-5.084425210952758789e-04
-5.100220441818237305e-04
-5.115717649459838867e-04
-5.130916833877563477e-04
-5.145519971847534180e-04
-5.159676074981689453e-04
-5.173534154891967773e-04
-5.187541246414184570e-04
-5.200654268264770508e-04
-5.213767290115356445e-04
-5.226284265518188477e-04
-5.238354206085205078e-04
-5.250722169876098633e-04
-5.261898040771484375e-04
-5.272626876831054688e-04
-5.283504724502563477e-04
-5.293935537338256836e-04
-5.303919315338134766e-04
-5.313009023666381836e-04
-5.321800708770751953e-04
-5.331039428710937500e-04
-5.339235067367553711e-04
-5.347281694412231445e-04
-5.354434251785278320e-04
-5.361735820770263672e-04
-5.368739366531372070e-04
-5.374997854232788086e-04
-5.380660295486450195e-04
-5.386322736740112305e-04
-5.392134189605712891e-04
-5.396753549575805664e-04
-5.401819944381713867e-04
-5.406141281127929688e-04
-5.409866571426391602e-04
-5.413889884948730469e-04
-5.417615175247192383e-04
-5.420893430709838867e-04
-5.423575639724731445e-04
-5.426704883575439453e-04
-5.429238080978393555e-04
-5.431473255157470703e-04
-5.434304475784301758e-04
-5.436092615127563477e-04
-5.437880754470825195e-04
-5.440264940261840820e-04
-5.441606044769287109e-04
-5.442947149276733398e-04
-5.443990230560302734e-04
-5.445629358291625977e-04
-5.446672439575195312e-04
-5.447119474411010742e-04
-5.448609590530395508e-04
-5.449354648590087891e-04
-5.450397729873657227e-04
-5.451589822769165039e-04
-5.452036857604980469e-04
-5.452930927276611328e-04
-5.453377962112426758e-04
-5.454123020172119141e-04
-5.683302879333496094e-04
-5.670785903930664062e-04
-5.660057067871093750e-04
-5.649775266647338867e-04
-5.639940500259399414e-04
-5.631297826766967773e-04
-5.623251199722290039e-04
-5.616098642349243164e-04
-5.609244108200073242e-04
-5.603134632110595703e-04
-5.597323179244995117e-04
-5.592107772827148438e-04
-5.587339401245117188e-04
-5.582869052886962891e-04
-5.578845739364624023e-04
-5.575269460678100586e-04
-5.571246147155761719e-04
-5.567818880081176758e-04
-5.565136671066284180e-04
-5.561858415603637695e-04
-5.559027194976806641e-04
-5.556344985961914062e-04
-5.553364753723144531e-04
-5.550533533096313477e-04
-5.547404289245605469e-04
-5.545169115066528320e-04
-5.541890859603881836e-04
-5.539059638977050781e-04
-5.536228418350219727e-04
-5.532950162887573242e-04
-5.529522895812988281e-04
-5.525946617126464844e-04
-5.522221326828002930e-04
-5.518198013305664062e-04
-5.513876676559448242e-04
-5.509108304977416992e-04
-5.504935979843139648e-04
-5.499869585037231445e-04
-5.494505167007446289e-04
-5.488395690917968750e-04
-5.482882261276245117e-04
-5.476623773574829102e-04
-5.470514297485351562e-04
-5.463361740112304688e-04
-5.455911159515380859e-04
-5.448311567306518555e-04
-5.440264940261840820e-04
-5.432069301605224609e-04
-5.423426628112792969e-04
-5.414783954620361328e-04
-5.404800176620483398e-04
-5.394667387008666992e-04
-5.383938550949096680e-04
-5.373209714889526367e-04
-5.361586809158325195e-04
-5.350261926651000977e-04
-5.338490009307861328e-04
-5.326420068740844727e-04
-5.313307046890258789e-04
-5.300492048263549805e-04
-5.286633968353271484e-04
-5.272477865219116211e-04
-5.258172750473022461e-04
-5.243569612503051758e-04
-5.228370428085327148e-04
-5.212724208831787109e-04
-5.196928977966308594e-04
-5.180835723876953125e-04
-5.164593458175659180e-04
-5.147904157638549805e-04
-5.130320787429809570e-04
-5.113035440444946289e-04
-5.095303058624267578e-04
-5.077421665191650391e-04
-5.059093236923217773e-04
-5.040764808654785156e-04
-5.021691322326660156e-04
-5.003064870834350586e-04
-4.983395338058471680e-04
-4.964321851730346680e-04
-4.945099353790283203e-04
-4.924684762954711914e-04
-4.905164241790771484e-04
-4.885345697402954102e-04
-4.864633083343505859e-04
-4.844516515731811523e-04
-4.823952913284301758e-04
-4.804283380508422852e-04
-4.783719778060913086e-04
-4.763156175613403320e-04
-4.742741584777832031e-04
-4.722028970718383789e-04
-4.701316356658935547e-04
-4.680901765823364258e-04
-4.660338163375854492e-04
-4.639327526092529297e-04
-4.618912935256958008e-04
-4.598051309585571289e-04
-4.577040672302246094e-04
-4.556328058242797852e-04
-6.142258644104003906e-04
-6.104558706283569336e-04
-6.067305803298950195e-04
-6.031095981597900391e-04
-5.996078252792358398e-04
-5.961805582046508789e-04
-5.927532911300659180e-04
-5.894452333450317383e-04
-5.862116813659667969e-04
-5.830079317092895508e-04
-5.798786878585815430e-04
-5.767494440078735352e-04
-5.737245082855224609e-04
-5.706548690795898438e-04
-5.676299333572387695e-04
-5.646347999572753906e-04
-5.616992712020874023e-04
-5.586892366409301758e-04
-5.557984113693237305e-04
-5.528479814529418945e-04
-5.498975515365600586e-04
-5.469769239425659180e-04
-5.440562963485717773e-04
-5.411505699157714844e-04
-5.381703376770019531e-04
-5.352199077606201172e-04
-5.322545766830444336e-04
-5.292594432830810547e-04
-5.262047052383422852e-04
-5.231648683547973633e-04
-5.201548337936401367e-04
-5.171149969100952148e-04
-5.139857530593872070e-04
-5.107969045639038086e-04
-5.076676607131958008e-04
-5.044788122177124023e-04
-5.012601613998413086e-04
-4.980117082595825195e-04
-4.946589469909667969e-04
-4.913508892059326172e-04
-4.879683256149291992e-04
-4.845410585403442383e-04
-4.810988903045654297e-04
-4.775673151016235352e-04
-4.740953445434570312e-04
-4.704743623733520508e-04
-4.668533802032470703e-04
-4.632174968719482422e-04
-4.595071077346801758e-04
-4.557669162750244141e-04
-4.520118236541748047e-04
-4.482120275497436523e-04
-4.442483186721801758e-04
-4.403591156005859375e-04
-4.363656044006347656e-04
-4.324167966842651367e-04
-4.284083843231201172e-04
-4.243403673171997070e-04
-4.201978445053100586e-04
-4.160553216934204102e-04
-4.118084907531738281e-04
-4.075765609741210938e-04
-4.033595323562622070e-04
-3.990083932876586914e-04
-3.947019577026367188e-04
-3.903359174728393555e-04
-3.859102725982666016e-04
-3.814548254013061523e-04
-3.769844770431518555e-04
-3.724694252014160156e-04
-3.679394721984863281e-04
-3.633648157119750977e-04
-3.587454557418823242e-04
-3.541857004165649414e-04
-3.495365381240844727e-04
-3.448426723480224609e-04
-3.401935100555419922e-04
-3.354698419570922852e-04
-3.307163715362548828e-04
-3.260076045989990234e-04
-3.212541341781616211e-04
-3.165602684020996094e-04
-3.117620944976806641e-04
-3.070086240768432617e-04
-3.021806478500366211e-04
-2.974718809127807617e-04
-2.925992012023925781e-04
-2.878755331039428711e-04
-2.829879522323608398e-04
-2.781003713607788086e-04
-2.733469009399414062e-04
-2.685636281967163086e-04
-2.637207508087158203e-04
-2.588629722595214844e-04
-2.541542053222656250e-04
-2.492964267730712891e-04
-2.444982528686523438e-04
-2.396851778030395508e-04
-2.348870038986206055e-04
-2.300888299942016602e-04
-5.838871002197265625e-04
-5.771517753601074219e-04
-5.705207586288452148e-04
-5.639344453811645508e-04
-5.574077367782592773e-04
-5.509704351425170898e-04
-5.446374416351318359e-04
-5.383640527725219727e-04
-5.321055650711059570e-04
-5.259513854980468750e-04
-5.197823047637939453e-04
-5.136579275131225586e-04
-5.076080560684204102e-04
-5.015581846237182617e-04
-4.954785108566284180e-04
-4.895031452178955078e-04
-4.835128784179687500e-04
-4.774779081344604492e-04
-4.715025424957275391e-04
-4.654675722122192383e-04
-4.595071077346801758e-04
-4.535317420959472656e-04
-4.474967718124389648e-04
-4.414767026901245117e-04
-4.354417324066162109e-04
-4.293620586395263672e-04
-4.232525825500488281e-04
-4.171282052993774414e-04
-4.110038280487060547e-04
-4.047900438308715820e-04
-3.985911607742309570e-04
-3.923326730728149414e-04
-3.860443830490112305e-04
-3.796964883804321289e-04
-3.733634948730468750e-04
-3.670006990432739258e-04
-3.605037927627563477e-04
-3.540366888046264648e-04
-3.475695848464965820e-04
-3.409534692764282227e-04
-3.343224525451660156e-04
-3.276765346527099609e-04
-3.209561109542846680e-04
-3.141909837722778320e-04
-3.073960542678833008e-04
-3.005564212799072266e-04
-2.936720848083496094e-04
-2.867430448532104492e-04
-2.797096967697143555e-04
-2.727657556533813477e-04
-2.656728029251098633e-04
-2.585351467132568359e-04
-2.513378858566284180e-04
-2.440661191940307617e-04
-2.368688583374023438e-04
-2.294927835464477539e-04
-2.222061157226562500e-04
-2.148300409317016602e-04
-2.073645591735839844e-04
-1.998841762542724609e-04
-1.923441886901855469e-04
-1.848191022872924805e-04
-1.772195100784301758e-04
-1.695603132247924805e-04
-1.619011163711547852e-04
-1.542121171951293945e-04
-1.465082168579101562e-04
-1.386851072311401367e-04
-1.308470964431762695e-04
-1.229941844940185547e-04
-1.151412725448608398e-04
-1.072436571121215820e-04
-9.933114051818847656e-05
-9.135901927947998047e-05
-8.337199687957763672e-05
-7.542967796325683594e-05
-6.741285324096679688e-05
-5.941092967987060547e-05
-5.127489566802978516e-05
-4.321336746215820312e-05
-3.519654273986816406e-05
-2.698600292205810547e-05
-1.892447471618652344e-05
-1.077353954315185547e-05
-2.607703208923339844e-06
5.543231964111328125e-06
1.372396945953369141e-05
2.191960811614990234e-05
3.010034561157226562e-05
3.825128078460693359e-05
4.644691944122314453e-05
5.455315113067626953e-05
6.277859210968017578e-05
7.097423076629638672e-05
7.919967174530029297e-05
8.745491504669189453e-05
9.556114673614501953e-05
1.037865877151489258e-04
1.120269298553466797e-04
1.201778650283813477e-04
