4.499615937500000000e+05,6.430977630615234375e+01,4.498965625000000000e+05,7.167454361915588379e-01
4.478463437500000000e+05,5.509509563446044922e+00,4.478408437500000000e+05,3.710678720381110907e-04
4.461936875000000000e+05,2.279917001724243164e+00,4.461913750000000000e+05,3.897801414132118225e-02
4.445826250000000000e+05,3.682283163070678711e+00,4.445785625000000000e+05,3.673230111598968506e-01
4.429545000000000000e+05,6.726913928985595703e+00,4.429453750000000000e+05,2.397521018981933594e+00
4.412597812500000000e+05,9.376203536987304688e+00,4.412385000000000000e+05,1.191030883789062500e+01
4.394739062500000000e+05,7.274197101593017578e+00,4.394201250000000000e+05,4.651287078857421875e+01
4.376060937500000000e+05,7.104469776153564453e+00,4.374485937500000000e+05,1.504144287109375000e+02
4.357127187500000000e+05,5.828017044067382812e+01,4.352355312500000000e+05,4.189122619628906250e+02
4.337819687500000000e+05,2.040046997070312500e+02,4.325604687500000000e+05,1.017499145507812500e+03
4.317302187500000000e+05,5.259497070312500000e+02,4.289542187500000000e+05,2.250055664062500000e+03
4.296182500000000000e+05,1.092912109375000000e+03,4.240174062500000000e+05,4.507937988281250000e+03
4.276983750000000000e+05,1.895858154296875000e+03,4.177811875000000000e+05,8.021329589843750000e+03
4.260458125000000000e+05,2.743976318359375000e+03,4.111554687500000000e+05,1.214638378906250000e+04
4.243479062500000000e+05,3.735690673828125000e+03,4.053077812500000000e+05,1.530443457031250000e+04
4.215561250000000000e+05,4.189780273437500000e+03,4.006430625000000000e+05,1.672326562500000000e+04
4.181539062500000000e+05,3.834096435546875000e+03,3.976716250000000000e+05,1.664818750000000000e+04
4.151128437500000000e+05,3.051401123046875000e+03,3.963044375000000000e+05,1.575700195312500000e+04
4.126462812500000000e+05,2.188977539062500000e+03,3.955512500000000000e+05,1.490605664062500000e+04
4.104650312500000000e+05,1.489950683593750000e+03,3.941327187500000000e+05,1.484238183593750000e+04
4.081670000000000000e+05,1.025093872070312500e+03,3.911003750000000000e+05,1.604153027343750000e+04
4.056054062500000000e+05,7.579845581054687500e+02,3.860297500000000000e+05,1.881766210937500000e+04
4.029830625000000000e+05,6.105834960937500000e+02,3.789025937500000000e+05,2.346987500000000000e+04
4.007478750000000000e+05,5.017931213378906250e+02,3.701570000000000000e+05,3.008910742187500000e+04
3.992253750000000000e+05,4.127485656738281250e+02,3.610677812500000000e+05,3.774483203125000000e+04
3.979846250000000000e+05,3.809627075195312500e+02,3.538606875000000000e+05,4.374298437500000000e+04
3.963523125000000000e+05,4.433702392578125000e+02,3.501420937500000000e+05,4.576685937500000000e+04
3.945193437500000000e+05,5.553281860351562500e+02,3.496431562500000000e+05,4.432083984375000000e+04
3.930004062500000000e+05,5.778128662109375000e+02,3.509001250000000000e+05,4.152246875000000000e+04
3.918695000000000000e+05,5.216453857421875000e+02,3.520833437500000000e+05,3.926451171875000000e+04
3.907527500000000000e+05,4.730203552246093750e+02,3.516756250000000000e+05,3.860408593750000000e+04
3.893188750000000000e+05,4.696365966796875000e+02,3.489892187500000000e+05,3.986003125000000000e+04
3.876066562500000000e+05,5.177421264648437500e+02,3.442189687500000000e+05,4.286993750000000000e+04
3.859002812500000000e+05,5.859795532226562500e+02,3.382966250000000000e+05,4.701769140625000000e+04
3.843499062500000000e+05,6.003852539062500000e+02,3.327311250000000000e+05,5.101840625000000000e+04
3.827654375000000000e+05,5.466953125000000000e+02,3.291069062500000000e+05,5.311184765625000000e+04
3.809330937500000000e+05,5.085528869628906250e+02,3.281363125000000000e+05,5.228821875000000000e+04
3.789757187500000000e+05,5.256853027343750000e+02,3.291815625000000000e+05,4.926847265625000000e+04
3.771186875000000000e+05,5.641835937500000000e+02,3.306945625000000000e+05,4.585994921875000000e+04
3.753088125000000000e+05,5.903568725585937500e+02,3.310723750000000000e+05,4.364608203125000000e+04
3.733448750000000000e+05,6.294580078125000000e+02,3.294237500000000000e+05,4.329167187500000000e+04
3.711722187500000000e+05,7.341911621093750000e+02,3.258316562500000000e+05,4.460636718750000000e+04
3.688971562500000000e+05,9.092770996093750000e+02,3.211024062500000000e+05,4.688547656250000000e+04
3.666055625000000000e+05,1.084919677734375000e+03,3.163222187500000000e+05,4.919845312500000000e+04
3.642443125000000000e+05,1.206060913085937500e+03,3.124598125000000000e+05,5.057843750000000000e+04
3.618011250000000000e+05,1.377897216796875000e+03,3.100206250000000000e+05,5.040258593750000000e+04
3.594371562500000000e+05,1.639916992187500000e+03,3.085547500000000000e+05,4.924250781250000000e+04
3.573303750000000000e+05,1.936347412109375000e+03,3.067445312500000000e+05,4.864951562500000000e+04
3.554755937500000000e+05,2.289183349609375000e+03,3.037717187500000000e+05,4.941469140625000000e+04
3.537411875000000000e+05,2.616878173828125000e+03,2.986836250000000000e+05,5.244067187500000000e+04
3.520834375000000000e+05,2.824932617187500000e+03,2.927226875000000000e+05,5.653582421875000000e+04
3.506146250000000000e+05,3.371230468750000000e+03,2.851637500000000000e+05,6.207965625000000000e+04
3.505543750000000000e+05,4.767278320312500000e+03,2.836368750000000000e+05,6.215020703125000000e+04
3.464828437500000000e+05,2.923223144531250000e+03,2.790451562500000000e+05,6.451447265625000000e+04
3.448976875000000000e+05,3.281675048828125000e+03,2.785679687500000000e+05,6.304803515625000000e+04
3.422332187500000000e+05,2.580115722656250000e+03,2.816909687500000000e+05,5.796211718750000000e+04
3.406827812500000000e+05,2.958667968750000000e+03,2.814678437500000000e+05,5.625629296875000000e+04
3.379910937500000000e+05,1.964704345703125000e+03,2.776549687500000000e+05,5.837140625000000000e+04
3.366755000000000000e+05,2.374013671875000000e+03,2.737957812500000000e+05,6.050570312500000000e+04
3.337519375000000000e+05,1.959878906250000000e+03,2.723882187500000000e+05,5.940383984375000000e+04
3.321820625000000000e+05,3.035069335937500000e+03,2.710215000000000000e+05,5.812550000000000000e+04
3.286390000000000000e+05,1.968764038085937500e+03,2.682470937500000000e+05,5.842316406250000000e+04
3.261761562500000000e+05,2.675292968750000000e+03,2.654515312500000000e+05,5.804933203125000000e+04
3.215723437500000000e+05,2.537400878906250000e+03,2.643767500000000000e+05,5.465819140625000000e+04
3.174792187500000000e+05,3.673597167968750000e+03,2.610512968750000000e+05,5.275431250000000000e+04
3.109779375000000000e+05,3.927601562500000000e+03,2.523878750000000000e+05,5.466245312500000000e+04
3.031527187500000000e+05,4.849595214843750000e+03,2.435628437500000000e+05,5.474027734375000000e+04
2.944396250000000000e+05,6.945413574218750000e+03,2.347314843750000000e+05,5.276273437500000000e+04
2.830098750000000000e+05,1.082918945312500000e+04,2.172969218750000000e+05,5.488375390625000000e+04
2.681786250000000000e+05,1.228154101562500000e+04,2.066956718750000000e+05,4.920141406250000000e+04
2.507715781250000000e+05,1.652511328125000000e+04,1.854140468750000000e+05,4.883241796875000000e+04
2.324805625000000000e+05,1.821418945312500000e+04,1.721810468750000000e+05,4.208533593750000000e+04
2.174987812500000000e+05,2.318248437500000000e+04,1.505126093750000000e+05,4.380369140625000000e+04
2.175290468750000000e+05,3.619686328125000000e+04,1.453523437500000000e+05,3.597984375000000000e+04
2.094818750000000000e+05,3.741367187500000000e+04,1.164312031250000000e+05,5.563699218750000000e+04
1.707763906250000000e+05,1.316181250000000000e+04,1.071184609375000000e+05,5.049611718750000000e+04
1.727426093750000000e+05,2.814094335937500000e+04,9.111210156250000000e+04,5.348956640625000000e+04
1.761961250000000000e+05,4.546312109375000000e+04,6.433328906250000000e+04,6.639971875000000000e+04
1.282532500000000000e+05,1.385512402343750000e+04,5.759401171875000000e+04,5.680411718750000000e+04
1.220719062500000000e+05,2.100140625000000000e+04,4.791901953125000000e+04,5.315148437500000000e+04
1.396860312500000000e+05,5.962790625000000000e+04,3.215980859375000000e+04,4.789831640625000000e+04
9.946733593750000000e+04,2.093961718750000000e+04,4.068262500000000000e+04,3.784509375000000000e+04
8.729007031250000000e+04,1.929256054687500000e+04,3.711103125000000000e+04,3.088647851562500000e+04
1.070893906250000000e+05,5.523734375000000000e+04,2.259953710937500000e+04,2.925250585937500000e+04
7.347784375000000000e+04,1.996916992187500000e+04,2.542248242187500000e+04,2.808619335937500000e+04
6.366638281250000000e+04,1.501458007812500000e+04,2.132356835937500000e+04,2.732823632812500000e+04
8.762439062500000000e+04,4.234881250000000000e+04,1.744805468750000000e+04,2.782752734375000000e+04
6.443675781250000000e+04,2.296324218750000000e+04,2.189167773437500000e+04,1.958183593750000000e+04
5.811575000000000000e+04,1.774249609375000000e+04,2.300660156250000000e+04,1.736665234375000000e+04
7.470463281250000000e+04,3.584003906250000000e+04,1.981402929687500000e+04,1.905056054687500000e+04
5.045229687500000000e+04,1.560585546875000000e+04,2.071807421875000000e+04,1.412836621093750000e+04
4.335794531250000000e+04,1.315202050781250000e+04,1.646810351562500000e+04,1.373781835937500000e+04
5.625438281250000000e+04,2.665440625000000000e+04,1.187284375000000000e+04,1.772713476562500000e+04
3.619360156250000000e+04,1.410610351562500000e+04,1.229843554687500000e+04,9.789063476562500000e+03
2.765455859375000000e+04,8.199206054687500000e+03,1.211803222656250000e+04,7.337321289062500000e+03
4.074867187500000000e+04,2.378570898437500000e+04,1.011298828125000000e+04,6.849975097656250000e+03
3.061152343750000000e+04,1.077338281250000000e+04,1.245817675781250000e+04,7.379964355468750000e+03
2.179522070312500000e+04,4.261713378906250000e+03,1.046824707031250000e+04,7.065259765625000000e+03
3.329087500000000000e+04,1.499968457031250000e+04,8.755196289062500000e+03,9.535994140625000000e+03
3.131592382812500000e+04,1.334077832031250000e+04,1.050955957031250000e+04,7.465585449218750000e+03
2.037181835937500000e+04,4.065231933593750000e+03,9.754233398437500000e+03,6.552354003906250000e+03
2.544604296875000000e+04,9.253709960937500000e+03,9.573470703125000000e+03,6.618863769531250000e+03
2.900158984375000000e+04,1.266124902343750000e+04,9.535406250000000000e+03,6.804934570312500000e+03
2.036855468750000000e+04,4.433158691406250000e+03,7.583824707031250000e+03,8.351572265625000000e+03
1.955033203125000000e+04,4.164816894531250000e+03,6.987749023437500000e+03,8.397765625000000000e+03
2.389715820312500000e+04,9.774766601562500000e+03,7.080799316406250000e+03,7.041592285156250000e+03
1.840109179687500000e+04,4.849947753906250000e+03,6.681684570312500000e+03,6.869458496093750000e+03
1.540383398437500000e+04,2.663179443359375000e+03,6.439233398437500000e+03,6.301420410156250000e+03
1.933564453125000000e+04,6.048953125000000000e+03,7.209024902343750000e+03,6.077665039062500000e+03
1.661760351562500000e+04,4.346568847656250000e+03,6.136776367187500000e+03,6.134257324218750000e+03
1.412260449218750000e+04,2.102373779296875000e+03,6.424570312500000000e+03,5.595660156250000000e+03
1.694761132812500000e+04,4.300902832031250000e+03,7.084544921875000000e+03,5.562163574218750000e+03
1.474574804687500000e+04,3.396635498046875000e+03,6.326833496093750000e+03,5.022279296875000000e+03
1.278457812500000000e+04,1.688547851562500000e+03,6.403264648437500000e+03,4.692765625000000000e+03
1.489453222656250000e+04,3.799372802734375000e+03,6.855552246093750000e+03,4.239607421875000000e+03
1.324814648437500000e+04,2.762583007812500000e+03,6.082727050781250000e+03,4.402835937500000000e+03
1.158134960937500000e+04,1.577521972656250000e+03,6.199446777343750000e+03,3.804381103515625000e+03
1.303112304687500000e+04,3.144503906250000000e+03,6.276184570312500000e+03,3.610435058593750000e+03
1.208107226562500000e+04,2.717689941406250000e+03,5.510987792968750000e+03,3.852395019531250000e+03
1.015943066406250000e+04,1.330789184570312500e+03,5.332680664062500000e+03,3.495961181640625000e+03
1.069061621093750000e+04,2.076334228515625000e+03,5.403217773437500000e+03,3.211064208984375000e+03
1.094575488281250000e+04,2.677672607421875000e+03,4.985496582031250000e+03,3.282586181640625000e+03
9.534426757812500000e+03,1.331875610351562500e+03,5.131052246093750000e+03,3.071498779296875000e+03
8.977238281250000000e+03,1.083648559570312500e+03,4.883108398437500000e+03,3.010481445312500000e+03
9.776375000000000000e+03,1.981671875000000000e+03,4.645719726562500000e+03,3.148983398437500000e+03
9.857651367187500000e+03,2.218526611328125000e+03,4.840797363281250000e+03,2.798326904296875000e+03
8.823871093750000000e+03,1.519576660156250000e+03,4.673637695312500000e+03,2.630656982421875000e+03
8.046069335937500000e+03,9.073115844726562500e+02,4.719619140625000000e+03,2.419138671875000000e+03
8.173285156250000000e+03,1.226417114257812500e+03,4.599375976562500000e+03,2.347492431640625000e+03
8.497983398437500000e+03,1.593868652343750000e+03,4.326008789062500000e+03,2.578105957031250000e+03
8.125922363281250000e+03,1.615960449218750000e+03,4.276945312500000000e+03,2.233016601562500000e+03
7.288903320312500000e+03,1.016848022460937500e+03,4.141681152343750000e+03,2.130374023437500000e+03
6.768713378906250000e+03,7.457914428710937500e+02,4.093126464843750000e+03,1.929795288085937500e+03
6.812073242187500000e+03,9.451550903320312500e+02,4.053351562500000000e+03,1.813566650390625000e+03
6.942959960937500000e+03,1.246796997070312500e+03,3.784106201171875000e+03,1.912056518554687500e+03
6.678001464843750000e+03,1.086241821289062500e+03,3.847214599609375000e+03,1.744544921875000000e+03
6.163535644531250000e+03,7.963062744140625000e+02,3.656309570312500000e+03,1.710919921875000000e+03
5.832438476562500000e+03,6.171050415039062500e+02,3.632052246093750000e+03,1.583281494140625000e+03
5.825130371093750000e+03,7.291773681640625000e+02,3.613044921875000000e+03,1.482908081054687500e+03
5.830214843750000000e+03,9.375878295898437500e+02,3.350865722656250000e+03,1.541761474609375000e+03
5.609033203125000000e+03,8.633175659179687500e+02,3.341793945312500000e+03,1.403921875000000000e+03
5.244639648437500000e+03,6.813148193359375000e+02,3.129830078125000000e+03,1.433494873046875000e+03
4.922062500000000000e+03,5.536646728515625000e+02,3.043562011718750000e+03,1.324836059570312500e+03
4.764089843750000000e+03,5.721859741210937500e+02,2.956128662109375000e+03,1.235775146484375000e+03
4.710708984375000000e+03,6.834280395507812500e+02,2.812239257812500000e+03,1.215041503906250000e+03
4.651702148437500000e+03,7.499450683593750000e+02,2.778978515625000000e+03,1.122778442382812500e+03
4.527316406250000000e+03,8.185101928710937500e+02,2.564520507812500000e+03,1.144285766601562500e+03
4.335862304687500000e+03,7.279586181640625000e+02,2.539532470703125000e+03,1.068371093750000000e+03
4.109708007812500000e+03,6.703220214843750000e+02,2.388453125000000000e+03,1.050932739257812500e+03
3.883024902343750000e+03,5.527185668945312500e+02,2.367789550781250000e+03,9.625168457031250000e+02
3.685895751953125000e+03,5.136424560546875000e+02,2.218308349609375000e+03,9.539451293945312500e+02
3.526122070312500000e+03,4.568437500000000000e+02,2.126068115234375000e+03,9.432101440429687500e+02
3.397886962890625000e+03,4.346582641601562500e+02,2.026404541015625000e+03,9.368242187500000000e+02
3.294689697265625000e+03,4.239214477539062500e+02,1.962552368164062500e+03,9.082158813476562500e+02
3.218049560546875000e+03,4.238025817871093750e+02,1.912985473632812500e+03,8.812615356445312500e+02
3.159708496093750000e+03,4.370618591308593750e+02,1.799018310546875000e+03,9.236283569335937500e+02
3.127555664062500000e+03,4.565090332031250000e+02,1.749130371093750000e+03,9.219162597656250000e+02
3.125123779296875000e+03,5.060585021972656250e+02,1.645343017578125000e+03,9.737221679687500000e+02
3.162055419921875000e+03,5.488261718750000000e+02,1.686593627929687500e+03,9.266355590820312500e+02
3.259220458984375000e+03,7.079606323242187500e+02,1.557336181640625000e+03,9.939235229492187500e+02
3.452765136718750000e+03,8.710708007812500000e+02,1.617342163085937500e+03,9.643521728515625000e+02
3.817258789062500000e+03,1.236920654296875000e+03,1.452150146484375000e+03,1.128187866210937500e+03
4.470592773437500000e+03,1.839932739257812500e+03,1.616812255859375000e+03,1.013847412109375000e+03
5.605979003906250000e+03,2.919600097656250000e+03,1.420662963867187500e+03,1.265715942382812500e+03
7.439122070312500000e+03,4.580880371093750000e+03,1.715845214843750000e+03,1.142396606445312500e+03
1.005835058593750000e+04,6.984371582031250000e+03,1.365879028320312500e+03,1.708099731445312500e+03
1.282330566406250000e+04,9.551728515625000000e+03,1.894396484375000000e+03,1.377180541992187500e+03
1.390335742187500000e+04,1.055940625000000000e+04,1.326407714843750000e+03,2.017543457031250000e+03
1.113582812500000000e+04,7.859224609375000000e+03,2.011010009765625000e+03,1.265593627929687500e+03
5.785961914062500000e+03,2.990757812500000000e+03,1.389956176757812500e+03,1.405248291015625000e+03
2.876779541015625000e+03,2.290098114013671875e+02,1.618055908203125000e+03,1.029713867187500000e+03
4.795096679687500000e+03,1.948972778320312500e+03,1.849075439453125000e+03,9.970484619140625000e+02
7.659757812500000000e+03,4.704725097656250000e+03,1.381480712890625000e+03,1.573552001953125000e+03
7.007145019531250000e+03,4.018970703125000000e+03,1.935892822265625000e+03,1.052281616210937500e+03
3.935906250000000000e+03,1.326257690429687500e+03,1.413357910156250000e+03,1.196290405273437500e+03
2.737541503906250000e+03,2.511124725341796875e+02,1.471037353515625000e+03,1.015391784667968750e+03
4.394421386718750000e+03,1.755393554687500000e+03,1.648090698242187500e+03,9.909370117187500000e+02
6.044862792968750000e+03,3.426413085937500000e+03,1.328593994140625000e+03,1.289855834960937500e+03
5.483627929687500000e+03,2.790381591796875000e+03,1.656636230468750000e+03,1.036610107421875000e+03
3.580554687500000000e+03,1.146635742187500000e+03,1.369786865234375000e+03,1.064132202148437500e+03
2.549978759765625000e+03,1.804704742431640625e+02,1.446728637695312500e+03,9.227797241210937500e+02
3.193687255859375000e+03,7.588535156250000000e+02,1.523806518554687500e+03,9.110271606445312500e+02
4.381082031250000000e+03,1.951502807617187500e+03,1.366461059570312500e+03,1.063118408203125000e+03
4.658380859375000000e+03,2.144934570312500000e+03,1.584272827148437500e+03,9.291731567382812500e+02
3.764561035156250000e+03,1.404464843750000000e+03,1.346742553710937500e+03,1.013353576660156250e+03
2.684782226562500000e+03,3.973721618652343750e+02,1.459444458007812500e+03,8.279655151367187500e+02
2.451417480468750000e+03,2.039992370605468750e+02,1.429493286132812500e+03,8.179249877929687500e+02
3.038431884765625000e+03,7.782078857421875000e+02,1.341254272460937500e+03,9.189697875976562500e+02
3.586162109375000000e+03,1.256875000000000000e+03,1.516640502929687500e+03,8.126465454101562500e+02
3.455400390625000000e+03,1.194082519531250000e+03,1.313150268554687500e+03,9.481674804687500000e+02
2.831220947265625000e+03,5.944784545898437500e+02,1.462381835937500000e+03,7.743606567382812500e+02
2.368318359375000000e+03,2.060204467773437500e+02,1.369400146484375000e+03,7.928977661132812500e+02
2.429019287109375000e+03,2.784534301757812500e+02,1.351123291015625000e+03,7.994425659179687500e+02
2.809574707031250000e+03,6.208888549804687500e+02,1.442822021484375000e+03,7.458638305664062500e+02
3.078671875000000000e+03,9.093353271484375000e+02,1.319778930664062500e+03,8.495575561523437500e+02
3.004256347656250000e+03,8.189973144531250000e+02,1.456345458984375000e+03,7.289134521484375000e+02
2.682000488281250000e+03,5.525515747070312500e+02,1.340098388671875000e+03,7.893505859375000000e+02
2.367579833984375000e+03,2.628792724609375000e+02,1.402892333984375000e+03,7.018082275390625000e+02
2.251214843750000000e+03,1.664489898681640625e+02,1.381285156250000000e+03,7.034806518554687500e+02
2.346195556640625000e+03,2.655271301269531250e+02,1.361736083984375000e+03,7.189323730468750000e+02
2.531028320312500000e+03,4.358302001953125000e+02,1.422431152343750000e+03,6.727669677734375000e+02
2.660800048828125000e+03,5.737229003906250000e+02,1.336030639648437500e+03,7.510465087890625000e+02
2.745536640000000000e+08,2.627212800000000000e+08,4.985282500000000000e+06,6.847098500000000000e+06
2.228231201171875000e+03,1.714484405517578125e+02,1.353856079101562500e+03,7.029266357421875000e+02
2.222647216796875000e+03,1.673038024902343750e+02,1.357396850585937500e+03,6.979464721679687500e+02
2.222186523437500000e+03,1.670809173583984375e+02,1.358257324218750000e+03,6.968483886718750000e+02
2.220744628906250000e+03,1.664280242919921875e+02,1.361749633789062500e+03,6.925670776367187500e+02
2.217564453125000000e+03,1.642659912109375000e+02,1.371942504882812500e+03,6.813560791015625000e+02
2.215729003906250000e+03,1.626943969726562500e+02,1.374426025390625000e+03,6.786087036132812500e+02
2.214235839843750000e+03,1.619440155029296875e+02,1.375060546875000000e+03,6.772312011718750000e+02
2.212253173828125000e+03,1.613204498291015625e+02,1.373898315429687500e+03,6.770344238281250000e+02
2.209127929687500000e+03,1.600459136962890625e+02,1.370836181640625000e+03,6.782459716796875000e+02
2.204727539062500000e+03,1.573765563964843750e+02,1.366804565429687500e+03,6.805463867187500000e+02
2.195895507812500000e+03,1.533633575439453125e+02,1.358659790039062500e+03,6.838721923828125000e+02
2.194223388671875000e+03,1.636374969482421875e+02,1.359880126953125000e+03,6.707057495117187500e+02
2.179175048828125000e+03,1.509083557128906250e+02,1.345721801757812500e+03,6.825448608398437500e+02
2.173488281250000000e+03,1.493897399902343750e+02,1.336458740234375000e+03,6.876398925781250000e+02
2.165448486328125000e+03,1.481092071533203125e+02,1.323409423828125000e+03,6.939298095703125000e+02
2.153324462890625000e+03,1.456664581298828125e+02,1.306382446289062500e+03,7.012754516601562500e+02
2.129850097656250000e+03,1.422880859375000000e+02,1.278044433593750000e+03,7.095175170898437500e+02
2.089361816406250000e+03,1.433802947998046875e+02,1.253702880859375000e+03,6.922786254882812500e+02
2.042222045898437500e+03,1.759167633056640625e+02,1.152074218750000000e+03,7.142310791015625000e+02
1.967976318359375000e+03,1.675604248046875000e+02,1.122127807617187500e+03,6.782880859375000000e+02
1.903293212890625000e+03,1.754371032714843750e+02,1.085439331054687500e+03,6.424168090820312500e+02
1.844500000000000000e+03,1.964427337646484375e+02,1.057411254882812500e+03,5.906460571289062500e+02
1.786882568359375000e+03,2.327540740966796875e+02,1.032523681640625000e+03,5.216048583984375000e+02
1.745703613281250000e+03,2.441599731445312500e+02,9.845541992187500000e+02,5.169895629882812500e+02
1.716812500000000000e+03,2.452124023437500000e+02,9.520939941406250000e+02,5.195061035156250000e+02
1.702402832031250000e+03,2.447167358398437500e+02,9.370880126953125000e+02,5.205982055664062500e+02
1.673945800781250000e+03,2.447188568115234375e+02,9.153437500000000000e+02,5.138832397460937500e+02
1.619444824218750000e+03,2.513178405761718750e+02,8.750406494140625000e+02,4.930863037109375000e+02
1.534403686523437500e+03,2.853151550292968750e+02,7.935815429687500000e+02,4.555069274902343750e+02
1.475628784179687500e+03,3.059384460449218750e+02,7.393565673828125000e+02,4.303337707519531250e+02
1.413428710937500000e+03,3.260156250000000000e+02,6.804601440429687500e+02,4.069529418945312500e+02
1.346677246093750000e+03,3.331167602539062500e+02,6.336732177734375000e+02,3.798872985839843750e+02
1.305475097656250000e+03,3.657228088378906250e+02,5.509047241210937500e+02,3.888475646972656250e+02
1.287177368164062500e+03,3.230780334472656250e+02,5.899922485351562500e+02,3.741070251464843750e+02
1.277621582031250000e+03,3.143781433105468750e+02,5.846054077148437500e+02,3.786380920410156250e+02
1.265365966796875000e+03,3.016179809570312500e+02,5.801727905273437500e+02,3.835751953125000000e+02
1.240607666015625000e+03,2.819978637695312500e+02,5.737620239257812500e+02,3.848477172851562500e+02
1.190152709960937500e+03,2.605177612304687500e+02,5.589499511718750000e+02,3.706849670410156250e+02
1.122353271484375000e+03,2.596517639160156250e+02,5.329379272460937500e+02,3.297635192871093750e+02
1.040258544921875000e+03,2.589875488281250000e+02,5.067402954101562500e+02,2.745306396484375000e+02
9.875302124023437500e+02,2.866415405273437500e+02,4.714612731933593750e+02,2.294274444580078125e+02
9.629073486328125000e+02,2.907084350585937500e+02,4.660355529785156250e+02,2.061632995605468750e+02
9.410196533203125000e+02,3.067424316406250000e+02,4.348073425292968750e+02,1.994698486328125000e+02
9.147433471679687500e+02,2.942217712402343750e+02,4.382958374023437500e+02,1.822257690429687500e+02
8.752414550781250000e+02,2.793139648437500000e+02,4.268039855957031250e+02,1.691235046386718750e+02
8.024677124023437500e+02,2.375824279785156250e+02,4.173676452636718750e+02,1.475176544189453125e+02
7.579689941406250000e+02,2.123663024902343750e+02,4.059904174804687500e+02,1.396123352050781250e+02
7.378999023437500000e+02,2.051902160644531250e+02,4.019125366210937500e+02,1.307970886230468750e+02
7.247531127929687500e+02,2.086332855224609375e+02,3.965385131835937500e+02,1.195812911987304688e+02
7.136148071289062500e+02,2.125744934082031250e+02,3.959190979003906250e+02,1.051212310791015625e+02
7.044186401367187500e+02,2.146517791748046875e+02,3.900374145507812500e+02,9.972944641113281250e+01
6.754493408203125000e+02,2.090707397460937500e+02,3.723603210449218750e+02,9.401831817626953125e+01
6.349982910156250000e+02,2.051481628417968750e+02,3.357234497070312500e+02,9.412670898437500000e+01
5.834157714843750000e+02,1.938327941894531250e+02,2.901413269042968750e+02,9.944162750244140625e+01
2.754610351562500000e+03,2.062210693359375000e+03,3.675087585449218750e+02,3.248908691406250000e+02
5.781701660156250000e+02,1.941010589599609375e+02,2.850149536132812500e+02,9.905410766601562500e+01
5.464979248046875000e+02,2.073931579589843750e+02,2.403087768554687500e+02,9.879598999023437500e+01
5.295143432617187500e+02,1.999107208251953125e+02,2.286111450195312500e+02,1.009925079345703125e+02
5.258337402343750000e+02,1.901307525634765625e+02,2.359302215576171875e+02,9.977278137207031250e+01
5.135266113281250000e+02,1.742026214599609375e+02,2.333690338134765625e+02,1.059549407958984375e+02
5.075216674804687500e+02,1.639655303955078125e+02,2.334123229980468750e+02,1.101437988281250000e+02
4.974486999511718750e+02,1.490508422851562500e+02,2.314914550781250000e+02,1.169063949584960938e+02
4.846440429687500000e+02,1.412956848144531250e+02,2.228244476318359375e+02,1.205239105224609375e+02
4.572334899902343750e+02,1.404373779296875000e+02,1.994191131591796875e+02,1.173769760131835938e+02
4.301457519531250000e+02,1.498769226074218750e+02,1.628144531250000000e+02,1.174543762207031250e+02
4.006070556640625000e+02,1.315639190673828125e+02,1.622136383056640625e+02,1.068295059204101562e+02
3.582639160156250000e+02,1.052811737060546875e+02,1.611280670166015625e+02,9.185467529296875000e+01
3.589035339355468750e+02,1.091927566528320312e+02,1.593474273681640625e+02,9.036334228515625000e+01
3.500188903808593750e+02,1.016425247192382812e+02,1.594536132812500000e+02,8.892276763916015625e+01
3.359100952148437500e+02,9.965475463867187500e+01,1.482763824462890625e+02,8.797894287109375000e+01
3.265821533203125000e+02,9.408133697509765625e+01,1.427880249023437500e+02,8.971281433105468750e+01
3.172555236816406250e+02,9.070058441162109375e+01,1.336796417236328125e+02,9.287531280517578125e+01
3.013007812500000000e+02,8.064421844482421875e+01,1.243751907348632812e+02,9.628137969970703125e+01
2.902749633789062500e+02,7.543993377685546875e+01,1.236949920654296875e+02,9.114003753662109375e+01
2.830282287597656250e+02,6.999131774902343750e+01,1.186810073852539062e+02,9.435588836669921875e+01
2.781653137207031250e+02,7.098112487792968750e+01,1.126752624511718750e+02,9.450891876220703125e+01
2.734378051757812500e+02,7.315309143066406250e+01,1.066704330444335938e+02,9.361427307128906250e+01
2.672644653320312500e+02,7.588368225097656250e+01,9.748975372314453125e+01,9.389101409912109375e+01
2.588270568847656250e+02,7.837878417968750000e+01,8.838381958007812500e+01,9.206445312500000000e+01
2.631659545898437500e+02,1.130527572631835938e+02,5.858557891845703125e+01,9.152763366699218750e+01
2.486638793945312500e+02,8.723273468017578125e+01,7.230271911621093750e+01,8.912841033935546875e+01
2.345292510986328125e+02,7.985779571533203125e+01,7.185740661621093750e+01,8.281404113769531250e+01
1.974774017333984375e+02,6.505083465576171875e+01,7.342118835449218750e+01,5.900539016723632812e+01
1.946373138427734375e+02,6.273643493652343750e+01,7.730279541015625000e+01,5.459808731079101562e+01
1.932687225341796875e+02,6.425295257568359375e+01,7.586378479003906250e+01,5.315199279785156250e+01
1.928684997558593750e+02,6.457154846191406250e+01,7.513383483886718750e+01,5.316312408447265625e+01
1.925740051269531250e+02,6.490834808349609375e+01,7.459041595458984375e+01,5.307524108886718750e+01
1.918662414550781250e+02,6.506193542480468750e+01,7.414134979248046875e+01,5.266296768188476562e+01
2.371875305175781250e+02,9.725838470458984375e+01,6.396297073364257812e+01,7.596617889404296875e+01
1.908352203369140625e+02,6.596488189697265625e+01,7.202478027343750000e+01,5.284556961059570312e+01
1.869619598388671875e+02,6.609203338623046875e+01,7.059788513183593750e+01,5.027204895019531250e+01
1.765922546386718750e+02,6.673056793212890625e+01,6.660137939453125000e+01,4.326031112670898438e+01
1.614711608886718750e+02,6.671593475341796875e+01,6.227335739135742188e+01,3.248186874389648438e+01
1.488085479736328125e+02,6.669647979736328125e+01,5.702556228637695312e+01,2.508649826049804688e+01
1.437429046630859375e+02,6.703671264648437500e+01,5.653387832641601562e+01,2.017231178283691406e+01
1.425140533447265625e+02,6.738970947265625000e+01,5.442026901245117188e+01,2.070406532287597656e+01
1.420097961425781250e+02,6.812554931640625000e+01,5.269764328002929688e+01,2.118659210205078125e+01
1.418035278320312500e+02,6.780423736572265625e+01,5.301412582397460938e+01,2.098516845703125000e+01
1.415910339355468750e+02,6.742698669433593750e+01,5.324662399291992188e+01,2.091741943359375000e+01
1.412628479003906250e+02,6.691224670410156250e+01,5.332531738281250000e+01,2.102527999877929688e+01
1.404880523681640625e+02,6.613639831542968750e+01,5.298195648193359375e+01,2.136969757080078125e+01
1.387226104736328125e+02,6.488360595703125000e+01,5.167625045776367188e+01,2.216274642944335938e+01
1.347717590332031250e+02,6.305697631835937500e+01,4.807675552368164062e+01,2.363802337646484375e+01
1.274380187988281250e+02,6.000440597534179688e+01,4.182577896118164062e+01,2.560783386230468750e+01
1.345921325683593750e+02,6.292215347290039062e+01,3.581970977783203125e+01,3.585026931762695312e+01
1.241384506225585938e+02,5.908994293212890625e+01,3.743371582031250000e+01,2.761479377746582031e+01
1.132206878662109375e+02,5.272452163696289062e+01,3.202089691162109375e+01,2.847526168823242188e+01
1.059374694824218750e+02,4.645595550537109375e+01,3.061481857299804688e+01,2.886670112609863281e+01
1.028858337402343750e+02,4.418512344360351562e+01,2.981494522094726562e+01,2.888576889038085938e+01
1.020064620971679688e+02,4.347959518432617188e+01,3.011318778991699219e+01,2.841368103027343750e+01
1.015674209594726562e+02,4.343705368041992188e+01,3.007733154296875000e+01,2.805303382873535156e+01
1.012718353271484375e+02,4.332593154907226562e+01,3.013381576538085938e+01,2.781208610534667969e+01
1.009853363037109375e+02,4.322848129272460938e+01,3.016674995422363281e+01,2.759010505676269531e+01
1.007123641967773438e+02,4.304580307006835938e+01,3.004002571105957031e+01,2.762653541564941406e+01
1.001772003173828125e+02,4.262372589111328125e+01,2.997139930725097656e+01,2.758207511901855469e+01
9.960468292236328125e+01,4.211214447021484375e+01,2.993248176574707031e+01,2.756005859375000000e+01
9.870755004882812500e+01,4.124611663818359375e+01,2.995767974853515625e+01,2.750375175476074219e+01
9.724648284912109375e+01,3.969615936279296875e+01,2.975234794616699219e+01,2.779797554016113281e+01
9.492647552490234375e+01,3.719287872314453125e+01,2.972521972656250000e+01,2.800837707519531250e+01
9.147746276855468750e+01,3.361065673828125000e+01,2.875651168823242188e+01,2.911029052734375000e+01
8.631800842285156250e+01,2.868879890441894531e+01,2.637120437622070312e+01,3.125800132751464844e+01
8.345001220703125000e+01,2.554515647888183594e+01,2.504277229309082031e+01,3.286208343505859375e+01
8.212351226806640625e+01,2.479680252075195312e+01,2.483423042297363281e+01,3.249247741699218750e+01
8.126339721679687500e+01,2.422303390502929688e+01,2.502825546264648438e+01,3.201211166381835938e+01
8.098581695556640625e+01,2.404659080505371094e+01,2.500337028503417969e+01,3.193585586547851562e+01
8.091519165039062500e+01,2.405952453613281250e+01,2.498901557922363281e+01,3.186664962768554688e+01
8.079776000976562500e+01,2.393756103515625000e+01,2.496682739257812500e+01,3.189337348937988281e+01
8.026065826416015625e+01,2.324814987182617188e+01,2.472872734069824219e+01,3.228378295898437500e+01
7.965018463134765625e+01,2.246148109436035156e+01,2.462667274475097656e+01,3.256203079223632812e+01
7.814591979980468750e+01,2.057694053649902344e+01,2.442646980285644531e+01,3.314250564575195312e+01
7.586401367187500000e+01,1.804128456115722656e+01,2.414906311035156250e+01,3.367366790771484375e+01
7.330133056640625000e+01,1.597717571258544922e+01,2.365791130065917969e+01,3.366624832153320312e+01
7.431733703613281250e+01,1.623764419555664062e+01,2.553786277770996094e+01,3.254182815551757812e+01
7.279293823242187500e+01,1.574097442626953125e+01,2.389158439636230469e+01,3.316037750244140625e+01
7.177931213378906250e+01,1.565805912017822266e+01,2.370204162597656250e+01,3.241920852661132812e+01
7.161254882812500000e+01,1.578562068939208984e+01,2.345682525634765625e+01,3.237009811401367188e+01
7.156437683105468750e+01,1.577840137481689453e+01,2.356781005859375000e+01,3.221816253662109375e+01
7.148498535156250000e+01,1.572165489196777344e+01,2.366016578674316406e+01,3.210316848754882812e+01
7.125426483154296875e+01,1.555600452423095703e+01,2.387427330017089844e+01,3.182398796081542969e+01
7.087419128417968750e+01,1.525077629089355469e+01,2.409825134277343750e+01,3.152516365051269531e+01
6.995987701416015625e+01,1.450430107116699219e+01,2.444949722290039062e+01,3.100607872009277344e+01
6.819615173339843750e+01,1.303950309753417969e+01,2.489183998107910156e+01,3.026481246948242188e+01
6.635063171386718750e+01,1.252284049987792969e+01,2.570286178588867188e+01,2.812493515014648438e+01
6.326546859741210938e+01,9.748207092285156250e+00,2.594303894042968750e+01,2.757422256469726562e+01
6.036752700805664062e+01,7.384284973144531250e+00,2.552570533752441406e+01,2.745753860473632812e+01
5.793491744995117188e+01,6.530702590942382812e+00,2.333705329895019531e+01,2.806716156005859375e+01
5.730628204345703125e+01,6.434534549713134766e+00,2.369432640075683594e+01,2.717742156982421875e+01
5.701840972900390625e+01,6.346957206726074219e+00,2.356720161437988281e+01,2.710425376892089844e+01
5.685005950927734375e+01,6.267665863037109375e+00,2.343604850769042969e+01,2.714634704589843750e+01
5.683695983886718750e+01,6.370868682861328125e+00,2.345271682739257812e+01,2.701337623596191406e+01
5.680152893066406250e+01,6.301538944244384766e+00,2.333139801025390625e+01,2.716859054565429688e+01
5.678937911987304688e+01,6.306665420532226562e+00,2.323495674133300781e+01,2.724775695800781250e+01
5.678052520751953125e+01,6.318484783172607422e+00,2.318815231323242188e+01,2.727388763427734375e+01
5.677055358886718750e+01,6.335523605346679688e+00,2.316073417663574219e+01,2.727429389953613281e+01
5.676068496704101562e+01,6.432959079742431641e+00,2.315546417236328125e+01,2.717226219177246094e+01
5.668115234375000000e+01,6.436206817626953125e+00,2.308733940124511719e+01,2.715760421752929688e+01
5.656208038330078125e+01,6.341833114624023438e+00,2.307749176025390625e+01,2.714275360107421875e+01
5.582958221435546875e+01,5.929134845733642578e+00,2.299148750305175781e+01,2.690896224975585938e+01
5.536303710937500000e+01,5.856580734252929688e+00,2.284661483764648438e+01,2.665983963012695312e+01
5.454397964477539062e+01,5.963391780853271484e+00,2.239302825927734375e+01,2.618755912780761719e+01
5.381692123413085938e+01,6.587479114532470703e+00,2.282883453369140625e+01,2.440060806274414062e+01
5.390550231933593750e+01,7.301594257354736328e+00,2.175607490539550781e+01,2.484783554077148438e+01
5.359828948974609375e+01,6.781011581420898438e+00,2.228484535217285156e+01,2.453243255615234375e+01
5.338354492187500000e+01,6.664188861846923828e+00,2.191694641113281250e+01,2.480240821838378906e+01
5.328749847412109375e+01,6.673071861267089844e+00,2.170112800598144531e+01,2.491329765319824219e+01
5.326446533203125000e+01,6.787584781646728516e+00,2.143178558349609375e+01,2.504509544372558594e+01
5.323529052734375000e+01,6.731851577758789062e+00,2.154570579528808594e+01,2.495773506164550781e+01
5.322657775878906250e+01,6.735919952392578125e+00,2.155104446411132812e+01,2.493961334228515625e+01
5.319424438476562500e+01,6.727190017700195312e+00,2.152691650390625000e+01,2.494013595581054688e+01
5.315686035156250000e+01,6.804690361022949219e+00,2.144441032409667969e+01,2.490775871276855469e+01
5.308807373046875000e+01,6.788185119628906250e+00,2.137658119201660156e+01,2.492330741882324219e+01
5.289955902099609375e+01,6.834857940673828125e+00,2.086240005493164062e+01,2.520230293273925781e+01
5.249544525146484375e+01,6.716279029846191406e+00,2.058778190612792969e+01,2.519138526916503906e+01
5.140719604492187500e+01,6.565505504608154297e+00,1.984025382995605469e+01,2.500143623352050781e+01
4.842557525634765625e+01,6.661766529083251953e+00,1.738970756530761719e+01,2.437410354614257812e+01
4.491244506835937500e+01,6.685583591461181641e+00,1.475488853454589844e+01,2.347197532653808594e+01
5.011524581909179688e+01,1.460791110992431641e+01,1.068006515502929688e+01,2.482727050781250000e+01
4.355200958251953125e+01,7.006531238555908203e+00,1.323905467987060547e+01,2.330642318725585938e+01
3.950467681884765625e+01,6.339722633361816406e+00,1.187531566619873047e+01,2.128964042663574219e+01
3.804174804687500000e+01,7.805284500122070312e+00,1.027440929412841797e+01,1.996205711364746094e+01
3.621770858764648438e+01,6.237408161163330078e+00,1.135992050170898438e+01,1.862038040161132812e+01
3.641828155517578125e+01,7.854626178741455078e+00,9.260490417480468750e+00,1.930316734313964844e+01
3.541933441162109375e+01,6.572521686553955078e+00,1.015811061859130859e+01,1.868870353698730469e+01
3.433250427246093750e+01,6.784782886505126953e+00,9.056071281433105469e+00,1.849164772033691406e+01
3.361661529541015625e+01,6.850985050201416016e+00,8.702449798583984375e+00,1.806318092346191406e+01
3.257027053833007812e+01,7.373524665832519531e+00,7.476526737213134766e+00,1.772021865844726562e+01
3.231796264648437500e+01,7.813560009002685547e+00,7.433254718780517578e+00,1.707114791870117188e+01
3.259540939331054688e+01,8.859513282775878906e+00,6.625751495361328125e+00,1.711014366149902344e+01
3.215273284912109375e+01,8.133184432983398438e+00,7.074188709259033203e+00,1.694536018371582031e+01
3.203736877441406250e+01,8.301108360290527344e+00,6.916145324707031250e+00,1.682011413574218750e+01
3.198702430725097656e+01,8.394438743591308594e+00,6.614427089691162109e+00,1.697815895080566406e+01
3.189058685302734375e+01,8.443140029907226562e+00,7.023799896240234375e+00,1.642364692687988281e+01
3.184489822387695312e+01,8.521031379699707031e+00,6.935397148132324219e+00,1.638846969604492188e+01
3.181077575683593750e+01,8.645715713500976562e+00,6.794106006622314453e+00,1.637095451354980469e+01
3.178311920166015625e+01,8.752016067504882812e+00,6.693536281585693359e+00,1.633756637573242188e+01
3.176481628417968750e+01,8.812502861022949219e+00,6.602564334869384766e+00,1.634974861145019531e+01
3.175448608398437500e+01,8.854855537414550781e+00,6.543897151947021484e+00,1.635573387145996094e+01
3.173254776000976562e+01,8.805618286132812500e+00,6.515555381774902344e+00,1.641137504577636719e+01
3.169489288330078125e+01,8.797688484191894531e+00,6.396223068237304688e+00,1.650098228454589844e+01
3.162090682983398438e+01,8.697290420532226562e+00,6.423194408416748047e+00,1.650042152404785156e+01
3.388163757324218750e+01,9.073264122009277344e+00,7.457141876220703125e+00,1.735123062133789062e+01
3.159664916992187500e+01,8.624815940856933594e+00,6.451759338378906250e+00,1.652007484436035156e+01
3.148633193969726562e+01,8.538731575012207031e+00,6.465621948242187500e+00,1.648197937011718750e+01
3.137225723266601562e+01,8.497274398803710938e+00,6.464638710021972656e+00,1.641034507751464844e+01
3.122849273681640625e+01,8.456696510314941406e+00,6.381817817687988281e+00,1.638997840881347656e+01
3.095102691650390625e+01,8.331523895263671875e+00,6.227465152740478516e+00,1.639203834533691406e+01
3.047180938720703125e+01,8.051602363586425781e+00,5.827575206756591797e+00,1.659263229370117188e+01
3.181210708618164062e+01,8.264674186706542969e+00,6.381571292877197266e+00,1.716586112976074219e+01
3.002384948730468750e+01,7.517470359802246094e+00,5.933118820190429688e+00,1.657326126098632812e+01
2.922447967529296875e+01,6.693555355072021484e+00,5.997409820556640625e+00,1.653351402282714844e+01
3.110279464721679688e+01,6.769863605499267578e+00,5.913906574249267578e+00,1.841902542114257812e+01
2.872826194763183594e+01,6.287810325622558594e+00,5.747639179229736328e+00,1.669281196594238281e+01
2.813413429260253906e+01,5.871533393859863281e+00,5.589113712310791016e+00,1.667348670959472656e+01
2.800198745727539062e+01,5.749657154083251953e+00,5.724759578704833984e+00,1.652757072448730469e+01
2.790564918518066406e+01,5.714173316955566406e+00,5.952406406402587891e+00,1.623906898498535156e+01
2.782592010498046875e+01,5.665605545043945312e+00,5.880228996276855469e+00,1.628008651733398438e+01
2.775177383422851562e+01,5.623382568359375000e+00,5.862467288970947266e+00,1.626592445373535156e+01
2.769985008239746094e+01,5.589924335479736328e+00,5.895161628723144531e+00,1.621476364135742188e+01
2.761017227172851562e+01,5.499794960021972656e+00,5.884265899658203125e+00,1.622611045837402344e+01
2.777587699890136719e+01,5.684709548950195312e+00,5.865962982177734375e+00,1.622520446777343750e+01
2.756978607177734375e+01,5.499565601348876953e+00,5.860283851623535156e+00,1.620993614196777344e+01
2.747824859619140625e+01,5.402574539184570312e+00,5.792464733123779297e+00,1.628320884704589844e+01
2.733175849914550781e+01,5.229248046875000000e+00,5.655838489532470703e+00,1.644667243957519531e+01
2.717881774902343750e+01,5.081912517547607422e+00,5.669680118560791016e+00,1.642722511291503906e+01
2.709090805053710938e+01,5.023404598236083984e+00,5.685241222381591797e+00,1.638226318359375000e+01
2.705995941162109375e+01,4.995724201202392578e+00,5.756975173950195312e+00,1.630726051330566406e+01
2.702468490600585938e+01,4.992539405822753906e+00,5.794703006744384766e+00,1.623744201660156250e+01
2.700799751281738281e+01,4.992324352264404297e+00,5.809830665588378906e+00,1.620584297180175781e+01
2.697724723815917969e+01,5.005598545074462891e+00,5.881280899047851562e+00,1.609036827087402344e+01
2.695388031005859375e+01,4.996570110321044922e+00,5.936362743377685547e+00,1.602094841003417969e+01
2.692833137512207031e+01,5.003977775573730469e+00,5.965442657470703125e+00,1.595891094207763672e+01
2.689500045776367188e+01,5.013951778411865234e+00,5.958174228668212891e+00,1.592287445068359375e+01
2.684150505065917969e+01,5.017751693725585938e+00,5.922349452972412109e+00,1.590140342712402344e+01
2.672323608398437500e+01,5.004108905792236328e+00,5.870626449584960938e+00,1.584850025177001953e+01
2.652267646789550781e+01,4.912468910217285156e+00,5.835004329681396484e+00,1.577520370483398438e+01
2.628670883178710938e+01,4.790363311767578125e+00,5.838761329650878906e+00,1.565758419036865234e+01
2.602500152587890625e+01,4.532799720764160156e+00,5.884017944335937500e+00,1.560818386077880859e+01
2.577040863037109375e+01,4.625835895538330078e+00,5.783566951751708984e+00,1.536100673675537109e+01
2.523857116699218750e+01,4.248275279998779297e+00,5.858344554901123047e+00,1.513195037841796875e+01
2.475096893310546875e+01,3.981277942657470703e+00,6.202419757843017578e+00,1.456727027893066406e+01
2.438615798950195312e+01,3.836811065673828125e+00,6.605284214019775391e+00,1.394406414031982422e+01
2.411622238159179688e+01,3.882329940795898438e+00,6.562032222747802734e+00,1.367186069488525391e+01
2.395907592773437500e+01,3.882227182388305664e+00,6.521927356719970703e+00,1.355492210388183594e+01
2.380731582641601562e+01,3.784073829650878906e+00,6.795009136199951172e+00,1.322823238372802734e+01
2.374198532104492188e+01,3.828382968902587891e+00,6.879839897155761719e+00,1.303376102447509766e+01
2.365591812133789062e+01,3.734267711639404297e+00,6.996670722961425781e+00,1.292498111724853516e+01
2.360955429077148438e+01,3.666261434555053711e+00,7.139237880706787109e+00,1.280405521392822266e+01
2.358601188659667969e+01,3.692909002304077148e+00,7.100879669189453125e+00,1.279222297668457031e+01
2.356419754028320312e+01,3.718537330627441406e+00,7.172544956207275391e+00,1.267311382293701172e+01
2.355923080444335938e+01,3.747544765472412109e+00,7.087779045104980469e+00,1.272390747070312500e+01
2.353952026367187500e+01,3.759366512298583984e+00,7.064827919006347656e+00,1.271532630920410156e+01
2.352861022949218750e+01,3.798325300216674805e+00,7.025229454040527344e+00,1.270505619049072266e+01
2.351397323608398438e+01,3.831256389617919922e+00,6.976395606994628906e+00,1.270632171630859375e+01
2.349423408508300781e+01,3.878583431243896484e+00,6.904674053192138672e+00,1.271097660064697266e+01
2.345969009399414062e+01,3.903827190399169922e+00,6.888360977172851562e+00,1.266750144958496094e+01
2.334223175048828125e+01,3.964906692504882812e+00,6.885837554931640625e+00,1.249148750305175781e+01
2.414794731140136719e+01,4.927434444427490234e+00,7.099651336669921875e+00,1.212086105346679688e+01
2.329618644714355469e+01,4.064351081848144531e+00,6.885644435882568359e+00,1.234619140625000000e+01
2.313682556152343750e+01,4.135680198669433594e+00,6.837304115295410156e+00,1.216384029388427734e+01
2.286098480224609375e+01,4.119295120239257812e+00,6.740335464477539062e+00,1.200135517120361328e+01
2.296168899536132812e+01,4.163044929504394531e+00,6.981687068939208984e+00,1.181695652008056641e+01
2.271876907348632812e+01,4.102100372314453125e+00,6.802772998809814453e+00,1.181389617919921875e+01
2.232507514953613281e+01,3.992197036743164062e+00,7.005043029785156250e+00,1.132783508300781250e+01
2.176742553710937500e+01,3.839638710021972656e+00,6.604025363922119141e+00,1.132376003265380859e+01
2.241616821289062500e+01,3.830138683319091797e+00,6.602137565612792969e+00,1.198389244079589844e+01
2.150250816345214844e+01,3.678072214126586914e+00,6.501358985900878906e+00,1.132307720184326172e+01
2.189445114135742188e+01,3.996291160583496094e+00,6.545893669128417969e+00,1.135226631164550781e+01
2.103201675415039062e+01,3.452546119689941406e+00,6.372596263885498047e+00,1.120687484741210938e+01
2.819586181640625000e+01,4.820874214172363281e+00,8.588597297668457031e+00,1.478638935089111328e+01
2.070739364624023438e+01,3.187684535980224609e+00,6.381858348846435547e+00,1.113784980773925781e+01
2.005784225463867188e+01,2.869030714035034180e+00,6.524124622344970703e+00,1.066468620300292969e+01
1.923644828796386719e+01,2.548397064208984375e+00,7.019692420959472656e+00,9.668358802795410156e+00
2.021531486511230469e+01,3.183703660964965820e+00,8.438129425048828125e+00,8.593482017517089844e+00
1.882022476196289062e+01,2.424044370651245117e+00,7.315026760101318359e+00,9.081154823303222656e+00
1.860015106201171875e+01,2.102543592453002930e+00,7.717087268829345703e+00,8.780520439147949219e+00
1.833460998535156250e+01,2.129872083663940430e+00,7.468611717224121094e+00,8.736126899719238281e+00
1.955613327026367188e+01,3.574582099914550781e+00,8.032938003540039062e+00,7.948613643646240234e+00
1.801748657226562500e+01,2.071611881256103516e+00,7.615936279296875000e+00,8.329938888549804688e+00
1.746637725830078125e+01,1.911284208297729492e+00,7.566771507263183594e+00,7.988320350646972656e+00
1.733779907226562500e+01,1.995478391647338867e+00,7.580834865570068359e+00,7.761486053466796875e+00
1.708913230895996094e+01,2.175767183303833008e+00,7.826133728027343750e+00,7.087231159210205078e+00
1.701297950744628906e+01,2.056678056716918945e+00,7.655934333801269531e+00,7.300367832183837891e+00
1.652640151977539062e+01,1.760691881179809570e+00,7.533213138580322266e+00,7.232495307922363281e+00
1.637103462219238281e+01,1.772993087768554688e+00,7.721236228942871094e+00,6.876805305480957031e+00
1.629293251037597656e+01,1.771099925041198730e+00,7.710228443145751953e+00,6.811604022979736328e+00
1.618690490722656250e+01,1.737706422805786133e+00,7.702555179595947266e+00,6.746644020080566406e+00
1.602312850952148438e+01,1.876413464546203613e+00,7.622673034667968750e+00,6.524043083190917969e+00
1.609530830383300781e+01,1.953181266784667969e+00,7.476404190063476562e+00,6.665722370147705078e+00
1.594299602508544922e+01,1.851788759231567383e+00,7.546477794647216797e+00,6.544729232788085938e+00
1.577751731872558594e+01,1.888404607772827148e+00,7.473048210144042969e+00,6.416064739227294922e+00
1.558070564270019531e+01,1.937820315361022949e+00,7.156926631927490234e+00,6.485959053039550781e+00
1.549433422088623047e+01,1.918270468711853027e+00,7.012988567352294922e+00,6.563075065612792969e+00
1.543763542175292969e+01,1.800289869308471680e+00,6.880098342895507812e+00,6.757246494293212891e+00
1.539138603210449219e+01,1.754934906959533691e+00,6.878318309783935547e+00,6.758132457733154297e+00
1.534624004364013672e+01,1.882953763008117676e+00,6.920229911804199219e+00,6.543056488037109375e+00
1.526404762268066406e+01,1.802910923957824707e+00,6.942807674407958984e+00,6.518328189849853516e+00
1.516052246093750000e+01,1.791003346443176270e+00,6.908591747283935547e+00,6.460927486419677734e+00
1.503736877441406250e+01,1.893863320350646973e+00,6.898683071136474609e+00,6.244822025299072266e+00
1.492069339752197266e+01,2.064455747604370117e+00,6.814728736877441406e+00,6.041508674621582031e+00
1.482018947601318359e+01,2.131997346878051758e+00,6.884512901306152344e+00,5.803679466247558594e+00
1.476161384582519531e+01,2.335435628890991211e+00,6.872780323028564453e+00,5.553397655487060547e+00
1.467319869995117188e+01,2.243505954742431641e+00,6.924428939819335938e+00,5.505264282226562500e+00
1.454450988769531250e+01,2.206183195114135742e+00,6.929427623748779297e+00,5.408899784088134766e+00
1.444624710083007812e+01,2.272522687911987305e+00,6.932134151458740234e+00,5.241590023040771484e+00
1.438635444641113281e+01,2.202727794647216797e+00,6.880657196044921875e+00,5.302968978881835938e+00
1.432695960998535156e+01,2.244246959686279297e+00,6.810235977172851562e+00,5.272476196289062500e+00
1.422072792053222656e+01,2.365610837936401367e+00,6.660228252410888672e+00,5.194889545440673828e+00
1.415666866302490234e+01,2.537209510803222656e+00,6.530216217041015625e+00,5.089242935180664062e+00
1.409725379943847656e+01,2.532732486724853516e+00,6.511175632476806641e+00,5.053346157073974609e+00
1.404553222656250000e+01,2.550897121429443359e+00,6.488346099853515625e+00,5.006289005279541016e+00
1.399859619140625000e+01,2.530624389648437500e+00,6.492663860321044922e+00,4.975307464599609375e+00
1.396367454528808594e+01,2.626767396926879883e+00,6.454544067382812500e+00,4.882363319396972656e+00
1.390793418884277344e+01,2.644573211669921875e+00,6.400944232940673828e+00,4.862416744232177734e+00
1.385758304595947266e+01,2.607893705368041992e+00,6.346702098846435547e+00,4.902987480163574219e+00
1.379647445678710938e+01,2.718422889709472656e+00,6.246283054351806641e+00,4.831767559051513672e+00
1.371998214721679688e+01,2.880475044250488281e+00,6.042246818542480469e+00,4.797260761260986328e+00
1.359764289855957031e+01,2.984907627105712891e+00,5.826761245727539062e+00,4.785974025726318359e+00
1.353149890899658203e+01,3.118702888488769531e+00,5.587018489837646484e+00,4.825778007507324219e+00
1.350108909606933594e+01,3.053394079208374023e+00,5.592203617095947266e+00,4.855491161346435547e+00
1.346132850646972656e+01,3.124402046203613281e+00,5.562037467956542969e+00,4.774888992309570312e+00
1.341421985626220703e+01,3.225584030151367188e+00,5.434392452239990234e+00,4.754242897033691406e+00
1.337322616577148438e+01,3.243637800216674805e+00,5.436145782470703125e+00,4.693442344665527344e+00
1.333176612854003906e+01,3.254604578018188477e+00,5.406994819641113281e+00,4.670166492462158203e+00
1.330183219909667969e+01,3.341759443283081055e+00,5.337903022766113281e+00,4.622169017791748047e+00
1.325713443756103516e+01,3.320946693420410156e+00,5.305038452148437500e+00,4.631149291992187500e+00
1.320942497253417969e+01,3.356876134872436523e+00,5.211313724517822266e+00,4.641234874725341797e+00
1.314661979675292969e+01,3.385935306549072266e+00,5.124159812927246094e+00,4.636524200439453125e+00
1.309353828430175781e+01,3.593031167984008789e+00,4.993793010711669922e+00,4.506713390350341797e+00
1.345019912719726562e+01,4.307361125946044922e+00,4.656417846679687500e+00,4.486419200897216797e+00
1.300939846038818359e+01,3.702750444412231445e+00,4.828550815582275391e+00,4.478096961975097656e+00
1.294206809997558594e+01,3.619247674942016602e+00,4.843499660491943359e+00,4.479321002960205078e+00
1.277874755859375000e+01,3.682110786437988281e+00,4.746087551116943359e+00,4.350550174713134766e+00
1.272158336639404297e+01,3.999627113342285156e+00,4.549443244934082031e+00,4.172513008117675781e+00
1.262135887145996094e+01,3.843286275863647461e+00,4.616369247436523438e+00,4.161702632904052734e+00
1.256002235412597656e+01,3.946318864822387695e+00,4.514678001403808594e+00,4.099025726318359375e+00
1.242080307006835938e+01,4.271545410156250000e+00,4.144690513610839844e+00,4.004567623138427734e+00
1.225969886779785156e+01,4.496062278747558594e+00,3.832152366638183594e+00,3.931484460830688477e+00
1.198246383666992188e+01,4.708186149597167969e+00,3.342615842819213867e+00,3.931661128997802734e+00
1.807938766479492188e+01,7.357635974884033203e+00,3.833620548248291016e+00,6.888132095336914062e+00
1.186056041717529297e+01,4.832033634185791016e+00,3.124963760375976562e+00,3.903563022613525391e+00
1.177177238464355469e+01,5.170711994171142578e+00,2.786564588546752930e+00,3.814495563507080078e+00
1.199858474731445312e+01,5.655986309051513672e+00,2.329143285751342773e+00,4.013455867767333984e+00
1.151357269287109375e+01,5.107996940612792969e+00,2.567314624786376953e+00,3.838261365890502930e+00
1.164337158203125000e+01,4.930137157440185547e+00,2.711935281753540039e+00,4.001298427581787109e+00
1.131766796112060547e+01,4.951469421386718750e+00,2.583563327789306641e+00,3.782635211944580078e+00
1.113676548004150391e+01,5.038635253906250000e+00,2.222864389419555664e+00,3.875266075134277344e+00
1.094296073913574219e+01,5.024553298950195312e+00,2.034642934799194336e+00,3.883763790130615234e+00
1.109673023223876953e+01,5.552070617675781250e+00,1.806371212005615234e+00,3.738288640975952148e+00
1.084163475036621094e+01,5.110162258148193359e+00,1.935373067855834961e+00,3.796100139617919922e+00
1.071375656127929688e+01,5.120617866516113281e+00,1.762141823768615723e+00,3.830997228622436523e+00
1.061656951904296875e+01,5.155975818634033203e+00,1.641273260116577148e+00,3.819320201873779297e+00
1.055601119995117188e+01,5.348824977874755859e+00,1.609336376190185547e+00,3.597849607467651367e+00
1.178425407409667969e+01,6.632164955139160156e+00,1.205341696739196777e+00,3.946747303009033203e+00
1.047047424316406250e+01,5.370760917663574219e+00,1.498918294906616211e+00,3.600795269012451172e+00
1.041119575500488281e+01,5.326924324035644531e+00,1.500393509864807129e+00,3.583877801895141602e+00
1.036641883850097656e+01,5.194956779479980469e+00,1.625928521156311035e+00,3.545533180236816406e+00
1.031959152221679688e+01,5.253153800964355469e+00,1.596216440200805664e+00,3.470221042633056641e+00
1.022438621520996094e+01,5.281485080718994141e+00,1.653285622596740723e+00,3.289615392684936523e+00
1.017256355285644531e+01,5.283838272094726562e+00,1.691956877708435059e+00,3.196767807006835938e+00
1.013490295410156250e+01,5.343533515930175781e+00,1.708271145820617676e+00,3.083098411560058594e+00
1.015206336975097656e+01,5.406793594360351562e+00,1.725280284881591797e+00,3.019989967346191406e+00
1.012113189697265625e+01,5.353838920593261719e+00,1.712848782539367676e+00,3.054444789886474609e+00
1.010345268249511719e+01,5.400786876678466797e+00,1.679790616035461426e+00,3.022875308990478516e+00
1.008307456970214844e+01,5.428483486175537109e+00,1.655988812446594238e+00,2.998602867126464844e+00
1.006511211395263672e+01,5.461481571197509766e+00,1.621591210365295410e+00,2.982039690017700195e+00
1.003176116943359375e+01,5.487253665924072266e+00,1.545859456062316895e+00,2.998647928237915039e+00
9.983654022216796875e+00,5.495060443878173828e+00,1.487105369567871094e+00,3.001488208770751953e+00
9.948310852050781250e+00,5.522465705871582031e+00,1.412188887596130371e+00,3.013656139373779297e+00
9.924203872680664062e+00,5.468454360961914062e+00,1.387323141098022461e+00,3.068426370620727539e+00
9.896636962890625000e+00,5.492649555206298828e+00,1.337854266166687012e+00,3.066133022308349609e+00
9.853694915771484375e+00,5.514763832092285156e+00,1.271562218666076660e+00,3.067368507385253906e+00
9.782213211059570312e+00,5.488737106323242188e+00,1.230032682418823242e+00,3.063442707061767578e+00
9.670879364013671875e+00,5.413313865661621094e+00,1.189176201820373535e+00,3.068388938903808594e+00
9.554581642150878906e+00,5.301031112670898438e+00,1.181287050247192383e+00,3.072263479232788086e+00
9.458682060241699219e+00,5.291500568389892578e+00,1.151889085769653320e+00,3.015292167663574219e+00
9.529464721679687500e+00,5.267536163330078125e+00,1.227265834808349609e+00,3.034662961959838867e+00
9.399880409240722656e+00,5.214918613433837891e+00,1.177462100982666016e+00,3.007499694824218750e+00
9.363957405090332031e+00,5.209776878356933594e+00,1.147660970687866211e+00,3.006519079208374023e+00
9.337472915649414062e+00,5.203588008880615234e+00,1.126076936721801758e+00,3.007808208465576172e+00
9.318225860595703125e+00,5.186110973358154297e+00,1.109503746032714844e+00,3.022610664367675781e+00
9.308253288269042969e+00,5.185489654541015625e+00,1.097350358963012695e+00,3.025413751602172852e+00
9.299074172973632812e+00,5.193077564239501953e+00,1.082510709762573242e+00,3.023485660552978516e+00
9.299352645874023438e+00,5.219430446624755859e+00,1.038584947586059570e+00,3.041337490081787109e+00
9.295163154602050781e+00,5.204821586608886719e+00,1.059084057807922363e+00,3.031257867813110352e+00
9.284265518188476562e+00,5.259119033813476562e+00,1.033044099807739258e+00,2.992103099822998047e+00
9.272869110107421875e+00,5.243594169616699219e+00,1.025857090950012207e+00,3.003417491912841797e+00
9.267872810363769531e+00,5.246791362762451172e+00,1.003151655197143555e+00,3.017929792404174805e+00
9.259568214416503906e+00,5.246614933013916016e+00,9.870381355285644531e-01,3.025914907455444336e+00
9.249155998229980469e+00,5.270959854125976562e+00,9.465298652648925781e-01,3.031666040420532227e+00
9.246863365173339844e+00,5.268158435821533203e+00,9.379386901855468750e-01,3.040766239166259766e+00
9.242246627807617188e+00,5.268112182617187500e+00,9.421075582504272461e-01,3.032026529312133789e+00
9.239770889282226562e+00,5.265346050262451172e+00,9.383158087730407715e-01,3.036108732223510742e+00
9.235680580139160156e+00,5.258304119110107422e+00,9.393856525421142578e-01,3.037990570068359375e+00
9.222829818725585938e+00,5.236515045166015625e+00,9.331564307212829590e-01,3.053157806396484375e+00
9.201875686645507812e+00,5.191957473754882812e+00,9.362478256225585938e-01,3.073670387268066406e+00
9.166735649108886719e+00,5.130082130432128906e+00,9.404709935188293457e-01,3.096182584762573242e+00
9.088979721069335938e+00,5.001502513885498047e+00,9.762235283851623535e-01,3.111253738403320312e+00
8.977799415588378906e+00,4.866502761840820312e+00,1.013604164123535156e+00,3.097692489624023438e+00
8.813692092895507812e+00,4.696094989776611328e+00,1.092863321304321289e+00,3.024733066558837891e+00
8.679655075073242188e+00,4.530281543731689453e+00,1.181387186050415039e+00,2.967985630035400391e+00
8.554728507995605469e+00,4.481498241424560547e+00,1.148622989654541016e+00,2.924607515335083008e+00
8.409387588500976562e+00,4.413437366485595703e+00,1.134447693824768066e+00,2.861503124237060547e+00
8.216838836669921875e+00,4.300194740295410156e+00,1.085626363754272461e+00,2.831017017364501953e+00
8.295048713684082031e+00,4.532657623291015625e+00,9.758570194244384766e-01,2.786534309387207031e+00
8.131494522094726562e+00,4.310707569122314453e+00,1.025146245956420898e+00,2.795641422271728516e+00
7.852212905883789062e+00,4.165841102600097656e+00,1.000540375709533691e+00,2.685831546783447266e+00
8.063279151916503906e+00,4.504703521728515625e+00,1.145832777023315430e+00,2.412742853164672852e+00
7.697733402252197266e+00,4.096616268157958984e+00,1.031239390373229980e+00,2.569877624511718750e+00
7.395830154418945312e+00,4.061940670013427734e+00,9.290179014205932617e-01,2.404871463775634766e+00
7.053577423095703125e+00,3.837172269821166992e+00,9.397038221359252930e-01,2.276701450347900391e+00
6.722887516021728516e+00,3.796105861663818359e+00,8.121805191040039062e-01,2.114601135253906250e+00
6.251866817474365234e+00,3.522253990173339844e+00,7.394087314605712891e-01,1.990204453468322754e+00
5.688386440277099609e+00,3.163347005844116211e+00,6.512055397033691406e-01,1.873833894729614258e+00
5.418470859527587891e+00,2.816697597503662109e+00,7.287043333053588867e-01,1.873068928718566895e+00
9.691762924194335938e+00,5.948964118957519531e+00,1.059525370597839355e+00,2.683273315429687500e+00
5.183965682983398438e+00,2.667596817016601562e+00,7.435719370841979980e-01,1.772797107696533203e+00
4.958718776702880859e+00,2.686359643936157227e+00,5.695682168006896973e-01,1.702790975570678711e+00
5.088977813720703125e+00,2.527359247207641602e+00,8.944049477577209473e-01,1.667213439941406250e+00
4.743679523468017578e+00,2.462574720382690430e+00,6.699207425117492676e-01,1.611184000968933105e+00
4.579360008239746094e+00,2.381168603897094727e+00,6.971495151519775391e-01,1.501042008399963379e+00
4.390229701995849609e+00,2.265474557876586914e+00,7.045353651046752930e-01,1.420220017433166504e+00
4.216150283813476562e+00,2.185926198959350586e+00,7.032585144042968750e-01,1.326965808868408203e+00
4.047330856323242188e+00,2.065889358520507812e+00,7.767539024353027344e-01,1.204687356948852539e+00
3.843363285064697266e+00,1.986640691757202148e+00,8.237434625625610352e-01,1.032979011535644531e+00
3.770748376846313477e+00,1.927566647529602051e+00,9.567046165466308594e-01,8.864772319793701172e-01
3.682744026184082031e+00,1.887730598449707031e+00,9.143814444541931152e-01,8.806320428848266602e-01
3.629475593566894531e+00,1.851499915122985840e+00,9.167513251304626465e-01,8.612244129180908203e-01
3.558060646057128906e+00,1.805115580558776855e+00,9.512608647346496582e-01,8.016842603683471680e-01
3.727090120315551758e+00,1.760111212730407715e+00,1.158905386924743652e+00,8.080735206604003906e-01
3.484959840774536133e+00,1.749287843704223633e+00,1.014799952507019043e+00,7.208722233772277832e-01
3.400755882263183594e+00,1.670642614364624023e+00,1.047937631607055664e+00,6.821755766868591309e-01
3.365924835205078125e+00,1.651455760002136230e+00,1.022546410560607910e+00,6.919227242469787598e-01
3.331990003585815430e+00,1.609266161918640137e+00,1.016088962554931641e+00,7.066347002983093262e-01
3.294953584671020508e+00,1.591728448867797852e+00,1.014757156372070312e+00,6.884679198265075684e-01
3.261422634124755859e+00,1.552649378776550293e+00,1.052819609642028809e+00,6.559535861015319824e-01
3.291695594787597656e+00,1.562275052070617676e+00,1.107019901275634766e+00,6.224007010459899902e-01
3.243236780166625977e+00,1.538443326950073242e+00,1.067230463027954102e+00,6.375629901885986328e-01
3.205372095108032227e+00,1.490966796875000000e+00,1.073602437973022461e+00,6.408028602600097656e-01
3.190002441406250000e+00,1.486144900321960449e+00,1.061515331268310547e+00,6.423420906066894531e-01
3.167239427566528320e+00,1.462872147560119629e+00,1.075222253799438477e+00,6.291448473930358887e-01
3.148971319198608398e+00,1.441539764404296875e+00,1.086724162101745605e+00,6.207072734832763672e-01
3.122196197509765625e+00,1.417576551437377930e+00,1.094360709190368652e+00,6.102590560913085938e-01
3.084431171417236328e+00,1.387884378433227539e+00,1.096921920776367188e+00,5.996249914169311523e-01
4.729694843292236328e+00,2.535627603530883789e+00,1.190590858459472656e+00,1.003476381301879883e+00
3.072410345077514648e+00,1.377654910087585449e+00,1.085812568664550781e+00,6.089427471160888672e-01
3.029987335205078125e+00,1.354829907417297363e+00,1.063465356826782227e+00,6.116920709609985352e-01
3.044540643692016602e+00,1.336763978004455566e+00,1.089858412742614746e+00,6.179182529449462891e-01
3.004323005676269531e+00,1.327073216438293457e+00,1.072138905525207520e+00,6.051109433174133301e-01
2.979433536529541016e+00,1.294917821884155273e+00,1.079935431480407715e+00,6.045802831649780273e-01
2.965647697448730469e+00,1.283031821250915527e+00,1.057856559753417969e+00,6.247591972351074219e-01
2.948247432708740234e+00,1.265658974647521973e+00,1.052455782890319824e+00,6.301326751708984375e-01
2.923176050186157227e+00,1.241806864738464355e+00,1.045280933380126953e+00,6.360881328582763672e-01
2.911029338836669922e+00,1.234063744544982910e+00,1.046319007873535156e+00,6.306468248367309570e-01
2.901650905609130859e+00,1.223370552062988281e+00,1.060034871101379395e+00,6.182456612586975098e-01
2.896616697311401367e+00,1.224625349044799805e+00,1.058742284774780273e+00,6.132491230964660645e-01
2.894200801849365234e+00,1.224313855171203613e+00,1.061552405357360840e+00,6.083345413208007812e-01
2.891675233840942383e+00,1.222113013267517090e+00,1.063810706138610840e+00,6.057515144348144531e-01
2.890015125274658203e+00,1.219808936119079590e+00,1.067659497261047363e+00,6.025468111038208008e-01
2.888672113418579102e+00,1.217339634895324707e+00,1.069961071014404297e+00,6.013714671134948730e-01
2.887170314788818359e+00,1.214398384094238281e+00,1.074850320816040039e+00,5.979216694831848145e-01
2.886317491531372070e+00,1.212613463401794434e+00,1.073501348495483398e+00,6.002027988433837891e-01
2.885632991790771484e+00,1.211727738380432129e+00,1.075587272644042969e+00,5.983182191848754883e-01
2.885005950927734375e+00,1.211209297180175781e+00,1.075778722763061523e+00,5.980178117752075195e-01
2.884562015533447266e+00,1.209702134132385254e+00,1.076743006706237793e+00,5.981168150901794434e-01
2.883449316024780273e+00,1.205940723419189453e+00,1.079127550125122070e+00,5.983810424804687500e-01
2.882091283798217773e+00,1.199635744094848633e+00,1.083394527435302734e+00,5.990609526634216309e-01
2.880073070526123047e+00,1.188941478729248047e+00,1.090523004531860352e+00,6.006087064743041992e-01
2.878304481506347656e+00,1.183507204055786133e+00,1.096324801445007324e+00,5.984727144241333008e-01
2.876905679702758789e+00,1.181423425674438477e+00,1.099740862846374512e+00,5.957415103912353516e-01
2.874831199645996094e+00,1.177520275115966797e+00,1.109009861946105957e+00,5.883011817932128906e-01
2.872945547103881836e+00,1.173740744590759277e+00,1.113942265510559082e+00,5.852625370025634766e-01
2.871025562286376953e+00,1.164572119712829590e+00,1.130295038223266602e+00,5.761585831642150879e-01
2.869023323059082031e+00,1.159677863121032715e+00,1.133861184120178223e+00,5.754843950271606445e-01
2.866986274719238281e+00,1.149198412895202637e+00,1.141176939010620117e+00,5.766110420227050781e-01
2.864748477935791016e+00,1.140826702117919922e+00,1.146470904350280762e+00,5.774506330490112305e-01
2.861833333969116211e+00,1.131019711494445801e+00,1.153750896453857422e+00,5.770628452301025391e-01
2.859993457794189453e+00,1.122979998588562012e+00,1.162476181983947754e+00,5.745372772216796875e-01
2.858772039413452148e+00,1.115950226783752441e+00,1.169912576675415039e+00,5.729090571403503418e-01
2.856502056121826172e+00,1.111154079437255859e+00,1.174391031265258789e+00,5.709570646286010742e-01
2.856356620788574219e+00,1.093068003654479980e+00,1.199980616569519043e+00,5.633079409599304199e-01
2.855287313461303711e+00,1.101353526115417480e+00,1.187132835388183594e+00,5.668008923530578613e-01
2.853540658950805664e+00,1.094385981559753418e+00,1.193935632705688477e+00,5.652191638946533203e-01
2.850868701934814453e+00,1.087470293045043945e+00,1.197341799736022949e+00,5.660568475723266602e-01
2.853026390075683594e+00,1.076115846633911133e+00,1.198118567466735840e+00,5.787922143936157227e-01
2.849637269973754883e+00,1.081655263900756836e+00,1.197528243064880371e+00,5.704539418220520020e-01
2.847235202789306641e+00,1.076463222503662109e+00,1.201191902160644531e+00,5.695800781250000000e-01
2.844732999801635742e+00,1.074042677879333496e+00,1.203238129615783691e+00,5.674521327018737793e-01
2.842079162597656250e+00,1.072744965553283691e+00,1.202717900276184082e+00,5.666162967681884766e-01
2.838590383529663086e+00,1.071239709854125977e+00,1.205090284347534180e+00,5.622604489326477051e-01
3.010320186614990234e+00,1.178797960281372070e+00,1.197451949119567871e+00,6.340704560279846191e-01
2.837881326675415039e+00,1.070378422737121582e+00,1.202852487564086914e+00,5.646502375602722168e-01
2.833822488784790039e+00,1.075422406196594238e+00,1.193178534507751465e+00,5.652215480804443359e-01
2.829890727996826172e+00,1.070758581161499023e+00,1.194668412208557129e+00,5.644636750221252441e-01
2.827584743499755859e+00,1.075924277305603027e+00,1.186110138893127441e+00,5.655503869056701660e-01
2.825078964233398438e+00,1.073036551475524902e+00,1.183110594749450684e+00,5.689319372177124023e-01
2.820676088333129883e+00,1.062454581260681152e+00,1.186460137367248535e+00,5.717613697052001953e-01
2.815762519836425781e+00,1.049284458160400391e+00,1.191491007804870605e+00,5.749869346618652344e-01
2.808834791183471680e+00,1.033397555351257324e+00,1.201856493949890137e+00,5.735808014869689941e-01
2.795426845550537109e+00,1.013480901718139648e+00,1.212792992591857910e+00,5.691527128219604492e-01
2.807091951370239258e+00,9.853129982948303223e-01,1.263537168502807617e+00,5.582418441772460938e-01
2.789841175079345703e+00,9.954730868339538574e-01,1.230772495269775391e+00,5.635954141616821289e-01
2.779329061508178711e+00,9.774613380432128906e-01,1.247680187225341797e+00,5.541875362396240234e-01
2.776970624923706055e+00,9.634160399436950684e-01,1.273320317268371582e+00,5.402343869209289551e-01
2.779403209686279297e+00,9.508276581764221191e-01,1.295406937599182129e+00,5.331686735153198242e-01
2.772304773330688477e+00,9.540649652481079102e-01,1.282554745674133301e+00,5.356850624084472656e-01
2.767070055007934570e+00,9.522678852081298828e-01,1.279590845108032227e+00,5.352112650871276855e-01
2.759239435195922852e+00,9.358661174774169922e-01,1.287904262542724609e+00,5.354691147804260254e-01
2.752502441406250000e+00,9.251487255096435547e-01,1.284870624542236328e+00,5.424830317497253418e-01
2.744369029998779297e+00,9.061896204948425293e-01,1.310079813003540039e+00,5.280995368957519531e-01
2.734850883483886719e+00,8.913946151733398438e-01,1.333521366119384766e+00,5.099349021911621094e-01
2.718649864196777344e+00,8.785234689712524414e-01,1.357830286026000977e+00,4.822959601879119873e-01
2.714155912399291992e+00,8.653299808502197266e-01,1.366709589958190918e+00,4.821163713932037354e-01
2.706927299499511719e+00,8.627858757972717285e-01,1.366578578948974609e+00,4.775629937648773193e-01
2.705695152282714844e+00,8.680706024169921875e-01,1.356400728225708008e+00,4.812237024307250977e-01
2.702571868896484375e+00,8.630638718605041504e-01,1.361353993415832520e+00,4.781540632247924805e-01
2.696151018142700195e+00,8.570370674133300781e-01,1.369574904441833496e+00,4.695388376712799072e-01
2.689527511596679688e+00,8.598917126655578613e-01,1.341080784797668457e+00,4.885550439357757568e-01
2.681258916854858398e+00,8.582000732421875000e-01,1.347802877426147461e+00,4.752559363842010498e-01
2.672446489334106445e+00,8.586384057998657227e-01,1.346065640449523926e+00,4.677423834800720215e-01
2.655183792114257812e+00,8.648699522018432617e-01,1.324484825134277344e+00,4.658289253711700439e-01
2.642260074615478516e+00,8.717226982116699219e-01,1.301234722137451172e+00,4.693027734756469727e-01
2.622399568557739258e+00,8.718065619468688965e-01,1.275253772735595703e+00,4.753390848636627197e-01
2.615732669830322266e+00,8.673658370971679688e-01,1.262606978416442871e+00,4.857597649097442627e-01
2.608569383621215820e+00,8.572751879692077637e-01,1.269787311553955078e+00,4.815067350864410400e-01
2.602270841598510742e+00,8.568169474601745605e-01,1.268605828285217285e+00,4.768481254577636719e-01
2.595221757888793945e+00,8.583809137344360352e-01,1.267257094383239746e+00,4.695838093757629395e-01
2.605512857437133789e+00,8.767653107643127441e-01,1.263225555419921875e+00,4.655220210552215576e-01
2.592443704605102539e+00,8.592498898506164551e-01,1.265432476997375488e+00,4.677613079547882080e-01
2.590278625488281250e+00,8.609741926193237305e-01,1.264500737190246582e+00,4.648037552833557129e-01
2.586362361907958984e+00,8.643746376037597656e-01,1.251882553100585938e+00,4.701050817966461182e-01
2.583290338516235352e+00,8.732107877731323242e-01,1.232536673545837402e+00,4.775429368019104004e-01
2.581731319427490234e+00,8.757168650627136230e-01,1.226933240890502930e+00,4.790810942649841309e-01
2.580279588699340820e+00,8.812730908393859863e-01,1.218089580535888672e+00,4.809169173240661621e-01
2.579502105712890625e+00,8.814505338668823242e-01,1.217100143432617188e+00,4.809512495994567871e-01
2.578471183776855469e+00,8.818281888961791992e-01,1.215596556663513184e+00,4.810465276241302490e-01
2.609170675277709961e+00,9.055266976356506348e-01,1.228534817695617676e+00,4.751091599464416504e-01
2.578364133834838867e+00,8.817855715751647949e-01,1.216306447982788086e+00,4.802719652652740479e-01
2.577551841735839844e+00,8.804484009742736816e-01,1.215364336967468262e+00,4.817391037940979004e-01
2.576285839080810547e+00,8.812023401260375977e-01,1.208475351333618164e+00,4.866080284118652344e-01
2.574083328247070312e+00,8.816002011299133301e-01,1.201525807380676270e+00,4.909572899341583252e-01
2.572758913040161133e+00,8.869324326515197754e-01,1.185111761093139648e+00,5.007147789001464844e-01
2.570547819137573242e+00,8.874725103378295898e-01,1.181154966354370117e+00,5.019204020500183105e-01
2.566531181335449219e+00,8.929081559181213379e-01,1.169614195823669434e+00,5.040088891983032227e-01
2.559700965881347656e+00,9.031217694282531738e-01,1.143496513366699219e+00,5.130828619003295898e-01
2.555558919906616211e+00,9.236292243003845215e-01,1.105312108993530273e+00,5.266175270080566406e-01
2.559088706970214844e+00,9.379522800445556641e-01,1.086009025573730469e+00,5.351274609565734863e-01
2.552155971527099609e+00,9.263362288475036621e-01,1.096678495407104492e+00,5.291410684585571289e-01
2.547554492950439453e+00,9.192460775375366211e-01,1.092273235321044922e+00,5.360350608825683594e-01
2.546454429626464844e+00,9.221945405006408691e-01,1.081757545471191406e+00,5.425025224685668945e-01
2.539165735244750977e+00,9.266852140426635742e-01,1.054722905158996582e+00,5.577575564384460449e-01
2.535371780395507812e+00,9.224240183830261230e-01,1.063161969184875488e+00,5.497858524322509766e-01
2.528857231140136719e+00,9.236533641815185547e-01,1.057811021804809570e+00,5.473929047584533691e-01
2.516089916229248047e+00,9.281115531921386719e-01,1.042214393615722656e+00,5.457639694213867188e-01
2.503388881683349609e+00,9.326342940330505371e-01,1.014507174491882324e+00,5.562474131584167480e-01
2.487509250640869141e+00,9.302666187286376953e-01,9.855737090110778809e-01,5.716689229011535645e-01
2.473734140396118164e+00,9.317723512649536133e-01,9.472183585166931152e-01,5.947434902191162109e-01
2.458487510681152344e+00,9.309021830558776855e-01,9.149741530418395996e-01,6.126112341880798340e-01
2.446801662445068359e+00,9.407179355621337891e-01,8.718588352203369141e-01,6.342250108718872070e-01
2.434263229370117188e+00,9.454964399337768555e-01,8.208341002464294434e-01,6.679327487945556641e-01
2.421746492385864258e+00,9.382523298263549805e-01,8.160021305084228516e-01,6.674919724464416504e-01
2.408097267150878906e+00,9.298813939094543457e-01,8.094928860664367676e-01,6.687231063842773438e-01
2.397299289703369141e+00,9.232616424560546875e-01,8.008113503456115723e-01,6.732263565063476562e-01
2.373754262924194336e+00,9.035612344741821289e-01,7.878669500350952148e-01,6.823261380195617676e-01
2.356653928756713867e+00,8.970372676849365234e-01,7.800418138504028320e-01,6.795749068260192871e-01
2.341087341308593750e+00,8.922162055969238281e-01,7.710771560668945312e-01,6.777939796447753906e-01
2.339636802673339844e+00,8.931149840354919434e-01,7.423864603042602539e-01,7.041352987289428711e-01
2.333720684051513672e+00,8.882761597633361816e-01,7.557305693626403809e-01,6.897138357162475586e-01
2.327028274536132812e+00,8.863881230354309082e-01,7.632986307144165039e-01,6.773414015769958496e-01
2.321488857269287109e+00,8.975725769996643066e-01,7.308393716812133789e-01,6.930769681930541992e-01
2.314408302307128906e+00,8.939360380172729492e-01,7.250797748565673828e-01,6.953924298286437988e-01
2.311458587646484375e+00,8.935613632202148438e-01,7.231847047805786133e-01,6.947124004364013672e-01
2.310345649719238281e+00,8.963384628295898438e-01,7.155566811561584473e-01,6.984505653381347656e-01
2.309244871139526367e+00,8.979271650314331055e-01,7.088162899017333984e-01,7.025014758110046387e-01
2.308557033538818359e+00,8.979541659355163574e-01,7.015846967697143555e-01,7.090183496475219727e-01
2.308187246322631836e+00,8.968154788017272949e-01,7.023703455924987793e-01,7.090014815330505371e-01
2.308012723922729492e+00,8.953642249107360840e-01,7.015929818153381348e-01,7.110555171966552734e-01
2.307900667190551758e+00,8.951316475868225098e-01,6.986781358718872070e-01,7.140908241271972656e-01
2.307226181030273438e+00,8.942383527755737305e-01,6.960229873657226562e-01,7.169648408889770508e-01
2.305846691131591797e+00,8.930960297584533691e-01,6.894760131835937500e-01,7.232747077941894531e-01
2.305118083953857422e+00,8.924549818038940430e-01,6.878179311752319336e-01,7.248451709747314453e-01
2.304831027984619141e+00,8.923205733299255371e-01,6.864183545112609863e-01,7.260922193527221680e-01
2.302971363067626953e+00,8.908976316452026367e-01,6.850233078002929688e-01,7.270503044128417969e-01
2.303977012634277344e+00,8.930026888847351074e-01,6.793457269668579102e-01,7.316287159919738770e-01
2.302470445632934570e+00,8.908264040946960449e-01,6.835114359855651855e-01,7.281326055526733398e-01
2.302638292312622070e+00,8.912547230720520020e-01,6.835411190986633301e-01,7.278423905372619629e-01
2.302704334259033203e+00,8.911599516868591309e-01,6.834514737129211426e-01,7.280927896499633789e-01
2.302919864654541016e+00,8.912654519081115723e-01,6.834564805030822754e-01,7.281979918479919434e-01
2.302882194519042969e+00,8.912172317504882812e-01,6.834753751754760742e-01,7.281894683837890625e-01
2.302470445632934570e+00,8.908264040946960449e-01,6.835114359855651855e-01,7.281326055526733398e-01
2.302470445632934570e+00,8.908264040946960449e-01,6.835114359855651855e-01,7.281326055526733398e-01
2.302470445632934570e+00,8.908264040946960449e-01,6.835114359855651855e-01,7.281326055526733398e-01
2.302470445632934570e+00,8.908264040946960449e-01,6.835114359855651855e-01,7.281326055526733398e-01
2.302470445632934570e+00,8.908264040946960449e-01,6.835114359855651855e-01,7.281326055526733398e-01
2.302470445632934570e+00,8.908264040946960449e-01,6.835114359855651855e-01,7.281326055526733398e-01
2.302470445632934570e+00,8.908264040946960449e-01,6.835114359855651855e-01,7.281326055526733398e-01
2.302470445632934570e+00,8.908264040946960449e-01,6.835114359855651855e-01,7.281326055526733398e-01
2.302470445632934570e+00,8.908264040946960449e-01,6.835114359855651855e-01,7.281326055526733398e-01
2.302470445632934570e+00,8.908264040946960449e-01,6.835114359855651855e-01,7.281326055526733398e-01
2.302470445632934570e+00,8.908264040946960449e-01,6.835114359855651855e-01,7.281326055526733398e-01
2.302470445632934570e+00,8.908264040946960449e-01,6.835114359855651855e-01,7.281326055526733398e-01
2.302470445632934570e+00,8.908264040946960449e-01,6.835114359855651855e-01,7.281326055526733398e-01
